Distance in bp(Fragment Length Estimate: 213)(Peak Width Estimate: 213)	Same Strand (+ for Watson strand, - for Crick)	Opposite Strand
-2000	73227.0	75022.0
-1999	73450.0	74828.0
-1998	73268.0	74760.0
-1997	72860.0	74865.0
-1996	73473.0	74433.0
-1995	73092.0	74869.0
-1994	72989.0	75062.0
-1993	73231.0	74982.0
-1992	73373.0	75117.0
-1991	73115.0	74822.0
-1990	73199.0	75039.0
-1989	72825.0	74742.0
-1988	73448.0	74698.0
-1987	73116.0	74756.0
-1986	73194.0	74958.0
-1985	73330.0	75117.0
-1984	73182.0	74827.0
-1983	73102.0	74782.0
-1982	73408.0	74746.0
-1981	73826.0	74635.0
-1980	73309.0	74974.0
-1979	73327.0	75009.0
-1978	73370.0	74881.0
-1977	73482.0	75024.0
-1976	73283.0	74909.0
-1975	73516.0	74853.0
-1974	73474.0	74977.0
-1973	73038.0	74642.0
-1972	73425.0	75013.0
-1971	73467.0	74894.0
-1970	73556.0	74877.0
-1969	73153.0	74917.0
-1968	73476.0	74664.0
-1967	73707.0	74477.0
-1966	73326.0	74872.0
-1965	73184.0	74938.0
-1964	73227.0	74898.0
-1963	73854.0	74729.0
-1962	73592.0	74829.0
-1961	73557.0	74773.0
-1960	73772.0	74847.0
-1959	73436.0	74686.0
-1958	73602.0	74389.0
-1957	73443.0	74732.0
-1956	73342.0	74506.0
-1955	73432.0	74860.0
-1954	73804.0	74551.0
-1953	73389.0	74644.0
-1952	73262.0	74758.0
-1951	73667.0	74663.0
-1950	73570.0	74928.0
-1949	73414.0	74337.0
-1948	73287.0	74330.0
-1947	73379.0	74924.0
-1946	73823.0	74558.0
-1945	73341.0	74565.0
-1944	73575.0	74979.0
-1943	73731.0	74562.0
-1942	73200.0	74696.0
-1941	74055.0	74573.0
-1940	73516.0	74933.0
-1939	73846.0	74615.0
-1938	73830.0	74509.0
-1937	73476.0	74573.0
-1936	73234.0	74428.0
-1935	73557.0	74984.0
-1934	73345.0	74542.0
-1933	73590.0	74537.0
-1932	73232.0	74655.0
-1931	73595.0	74758.0
-1930	73656.0	74745.0
-1929	73888.0	74363.0
-1928	73625.0	74285.0
-1927	73353.0	74307.0
-1926	73301.0	74672.0
-1925	73992.0	74540.0
-1924	73267.0	73855.0
-1923	73265.0	74499.0
-1922	73734.0	74361.0
-1921	73330.0	74527.0
-1920	73659.0	74117.0
-1919	73361.0	74539.0
-1918	73719.0	74294.0
-1917	73489.0	74452.0
-1916	73846.0	74666.0
-1915	73829.0	74554.0
-1914	73579.0	74488.0
-1913	73743.0	74550.0
-1912	73298.0	74088.0
-1911	73667.0	74356.0
-1910	73905.0	74341.0
-1909	73579.0	74331.0
-1908	73667.0	74141.0
-1907	73448.0	74338.0
-1906	73771.0	74505.0
-1905	73503.0	74458.0
-1904	73644.0	74327.0
-1903	73687.0	74639.0
-1902	73771.0	74634.0
-1901	73525.0	74178.0
-1900	74181.0	74328.0
-1899	73745.0	74836.0
-1898	73906.0	74378.0
-1897	73569.0	74270.0
-1896	73666.0	74531.0
-1895	73784.0	74224.0
-1894	73634.0	74340.0
-1893	73656.0	74510.0
-1892	73623.0	74387.0
-1891	73421.0	74122.0
-1890	73577.0	74405.0
-1889	73402.0	74344.0
-1888	73436.0	73852.0
-1887	73559.0	74298.0
-1886	73362.0	74187.0
-1885	73439.0	74416.0
-1884	73507.0	74507.0
-1883	73133.0	74163.0
-1882	73585.0	74286.0
-1881	72920.0	73916.0
-1880	73614.0	74329.0
-1879	73515.0	74513.0
-1878	73433.0	74352.0
-1877	73603.0	73939.0
-1876	73315.0	74353.0
-1875	73214.0	74128.0
-1874	73836.0	74288.0
-1873	73341.0	74138.0
-1872	73485.0	74241.0
-1871	73436.0	74583.0
-1870	73298.0	74341.0
-1869	73426.0	74188.0
-1868	73280.0	74210.0
-1867	73428.0	74170.0
-1866	73649.0	74241.0
-1865	73765.0	74411.0
-1864	73611.0	74003.0
-1863	73538.0	74488.0
-1862	73804.0	74124.0
-1861	73783.0	74355.0
-1860	73548.0	74412.0
-1859	73756.0	74025.0
-1858	73637.0	74600.0
-1857	73423.0	74242.0
-1856	73512.0	74373.0
-1855	73513.0	74023.0
-1854	73441.0	74269.0
-1853	73791.0	74295.0
-1852	73446.0	74358.0
-1851	73419.0	74042.0
-1850	73555.0	74066.0
-1849	73432.0	74198.0
-1848	73296.0	74314.0
-1847	73666.0	73836.0
-1846	73310.0	74174.0
-1845	73394.0	74057.0
-1844	73210.0	74247.0
-1843	73334.0	74417.0
-1842	73193.0	74334.0
-1841	73337.0	74363.0
-1840	73144.0	74637.0
-1839	73544.0	74450.0
-1838	73578.0	74170.0
-1837	73344.0	74080.0
-1836	73144.0	74025.0
-1835	73358.0	74379.0
-1834	73149.0	74503.0
-1833	72902.0	74122.0
-1832	73136.0	74227.0
-1831	73098.0	74237.0
-1830	73112.0	74494.0
-1829	73186.0	74543.0
-1828	73531.0	74078.0
-1827	72895.0	74268.0
-1826	72945.0	74382.0
-1825	73070.0	74230.0
-1824	72813.0	74426.0
-1823	73067.0	74435.0
-1822	73053.0	74197.0
-1821	73045.0	74361.0
-1820	72771.0	74323.0
-1819	72755.0	74546.0
-1818	73085.0	74394.0
-1817	73025.0	74243.0
-1816	72735.0	74883.0
-1815	73013.0	74509.0
-1814	73054.0	74871.0
-1813	73008.0	75118.0
-1812	73016.0	74387.0
-1811	72786.0	74491.0
-1810	73125.0	74527.0
-1809	73024.0	74329.0
-1808	72936.0	74845.0
-1807	72841.0	74679.0
-1806	72922.0	75063.0
-1805	72867.0	74723.0
-1804	72931.0	74976.0
-1803	72804.0	74700.0
-1802	72734.0	74766.0
-1801	73093.0	75108.0
-1800	72986.0	75021.0
-1799	72736.0	74989.0
-1798	72829.0	74868.0
-1797	72741.0	74343.0
-1796	72617.0	74497.0
-1795	72667.0	74504.0
-1794	72866.0	75266.0
-1793	72910.0	74974.0
-1792	72805.0	74516.0
-1791	72619.0	75350.0
-1790	72610.0	74858.0
-1789	72774.0	75165.0
-1788	72656.0	74928.0
-1787	72804.0	74557.0
-1786	72598.0	75088.0
-1785	73013.0	75567.0
-1784	72578.0	75196.0
-1783	72734.0	75348.0
-1782	72735.0	74731.0
-1781	72383.0	75080.0
-1780	71997.0	74973.0
-1779	72278.0	75170.0
-1778	72534.0	74826.0
-1777	72358.0	75166.0
-1776	72618.0	75175.0
-1775	72837.0	75141.0
-1774	72619.0	75431.0
-1773	72626.0	75214.0
-1772	72498.0	75261.0
-1771	72511.0	75043.0
-1770	72747.0	75240.0
-1769	71737.0	75552.0
-1768	72514.0	75203.0
-1767	72757.0	75297.0
-1766	72556.0	75248.0
-1765	72504.0	75010.0
-1764	72539.0	74771.0
-1763	71978.0	75120.0
-1762	72109.0	75196.0
-1761	72287.0	75403.0
-1760	72328.0	75180.0
-1759	72624.0	75027.0
-1758	72617.0	74962.0
-1757	72527.0	75242.0
-1756	72657.0	75258.0
-1755	72378.0	75122.0
-1754	72272.0	75013.0
-1753	72433.0	75061.0
-1752	72630.0	75199.0
-1751	72253.0	75257.0
-1750	72364.0	75238.0
-1749	72378.0	75559.0
-1748	72189.0	75297.0
-1747	72204.0	75243.0
-1746	72481.0	75616.0
-1745	72278.0	75511.0
-1744	72660.0	75689.0
-1743	72477.0	75339.0
-1742	72337.0	75284.0
-1741	72265.0	75412.0
-1740	72775.0	75177.0
-1739	72508.0	75013.0
-1738	72530.0	75238.0
-1737	72776.0	75348.0
-1736	72631.0	75418.0
-1735	72450.0	75607.0
-1734	72394.0	75224.0
-1733	72202.0	75415.0
-1732	72825.0	75574.0
-1731	72787.0	75377.0
-1730	72640.0	75539.0
-1729	72435.0	75587.0
-1728	72335.0	75316.0
-1727	72338.0	75722.0
-1726	72324.0	75916.0
-1725	72483.0	75629.0
-1724	72450.0	75631.0
-1723	72469.0	75419.0
-1722	72023.0	75530.0
-1721	72539.0	75746.0
-1720	72530.0	75851.0
-1719	72482.0	75298.0
-1718	72353.0	75337.0
-1717	72173.0	75687.0
-1716	72165.0	75336.0
-1715	72425.0	75370.0
-1714	72708.0	75792.0
-1713	72334.0	75494.0
-1712	72284.0	75341.0
-1711	72068.0	75484.0
-1710	72331.0	75517.0
-1709	72559.0	75584.0
-1708	72524.0	75387.0
-1707	72394.0	75500.0
-1706	72377.0	75796.0
-1705	72222.0	75607.0
-1704	72589.0	75850.0
-1703	72506.0	75582.0
-1702	72026.0	75474.0
-1701	72270.0	75214.0
-1700	72428.0	75627.0
-1699	71910.0	75691.0
-1698	72093.0	75820.0
-1697	72223.0	75306.0
-1696	72389.0	75470.0
-1695	72381.0	75543.0
-1694	72563.0	75654.0
-1693	71997.0	75444.0
-1692	72054.0	75474.0
-1691	72356.0	75630.0
-1690	72215.0	75493.0
-1689	72053.0	75619.0
-1688	71991.0	75345.0
-1687	72395.0	75628.0
-1686	72399.0	75871.0
-1685	72643.0	75584.0
-1684	72570.0	75548.0
-1683	72296.0	75237.0
-1682	72369.0	75149.0
-1681	72126.0	75142.0
-1680	72014.0	75289.0
-1679	71921.0	75541.0
-1678	72307.0	74653.0
-1677	72382.0	74953.0
-1676	71937.0	75047.0
-1675	72300.0	75221.0
-1674	72472.0	75417.0
-1673	72099.0	75655.0
-1672	72362.0	75461.0
-1671	72100.0	75281.0
-1670	71965.0	75332.0
-1669	72245.0	75593.0
-1668	72409.0	75126.0
-1667	72402.0	75365.0
-1666	72542.0	75141.0
-1665	72217.0	75263.0
-1664	72105.0	75015.0
-1663	72621.0	75320.0
-1662	72243.0	75091.0
-1661	72143.0	75104.0
-1660	72142.0	75364.0
-1659	72002.0	75080.0
-1658	72570.0	75089.0
-1657	72081.0	75295.0
-1656	72649.0	75081.0
-1655	72601.0	75229.0
-1654	72088.0	75179.0
-1653	72303.0	75542.0
-1652	71783.0	75051.0
-1651	72156.0	74965.0
-1650	72365.0	75154.0
-1649	72228.0	75291.0
-1648	72116.0	75094.0
-1647	72232.0	75096.0
-1646	72389.0	75372.0
-1645	72543.0	75269.0
-1644	72172.0	75338.0
-1643	72038.0	75417.0
-1642	72131.0	74883.0
-1641	72171.0	75066.0
-1640	71910.0	74867.0
-1639	72370.0	75240.0
-1638	72286.0	75049.0
-1637	72116.0	74760.0
-1636	72042.0	74850.0
-1635	72162.0	75388.0
-1634	72278.0	74945.0
-1633	72086.0	74929.0
-1632	72093.0	75125.0
-1631	71891.0	75017.0
-1630	72102.0	74992.0
-1629	72394.0	74892.0
-1628	71645.0	74910.0
-1627	72166.0	74846.0
-1626	72262.0	75289.0
-1625	72200.0	74974.0
-1624	72283.0	74882.0
-1623	71905.0	74861.0
-1622	71662.0	74693.0
-1621	71550.0	74487.0
-1620	71979.0	74625.0
-1619	72249.0	75016.0
-1618	72078.0	74662.0
-1617	72002.0	74805.0
-1616	72268.0	74497.0
-1615	72183.0	74805.0
-1614	72243.0	74738.0
-1613	71947.0	74829.0
-1612	72183.0	74759.0
-1611	72159.0	75241.0
-1610	72090.0	74804.0
-1609	71916.0	75059.0
-1608	72102.0	74714.0
-1607	72132.0	74782.0
-1606	72168.0	74934.0
-1605	71597.0	74748.0
-1604	71915.0	74887.0
-1603	71944.0	74794.0
-1602	72242.0	74438.0
-1601	71869.0	74885.0
-1600	72111.0	74817.0
-1599	72226.0	74322.0
-1598	71922.0	74786.0
-1597	71725.0	74657.0
-1596	72254.0	74648.0
-1595	72289.0	75164.0
-1594	71808.0	74761.0
-1593	71868.0	75003.0
-1592	71812.0	74293.0
-1591	72119.0	74740.0
-1590	72086.0	74472.0
-1589	71684.0	74714.0
-1588	71872.0	74745.0
-1587	71990.0	74604.0
-1586	72095.0	74466.0
-1585	72243.0	74665.0
-1584	71954.0	74528.0
-1583	72171.0	74598.0
-1582	72266.0	74362.0
-1581	71739.0	74387.0
-1580	71920.0	74459.0
-1579	72043.0	74587.0
-1578	71856.0	74704.0
-1577	71832.0	74437.0
-1576	72083.0	74594.0
-1575	71584.0	74469.0
-1574	71779.0	74324.0
-1573	71845.0	74316.0
-1572	71902.0	74386.0
-1571	72002.0	74570.0
-1570	71713.0	74296.0
-1569	71888.0	74175.0
-1568	71932.0	74616.0
-1567	71496.0	74539.0
-1566	71783.0	74210.0
-1565	71966.0	74752.0
-1564	71405.0	74508.0
-1563	71572.0	74511.0
-1562	71764.0	73946.0
-1561	71655.0	74474.0
-1560	71668.0	74457.0
-1559	71709.0	74402.0
-1558	71805.0	74237.0
-1557	71841.0	74191.0
-1556	71915.0	74333.0
-1555	71636.0	74078.0
-1554	71960.0	74571.0
-1553	72207.0	74220.0
-1552	72122.0	74112.0
-1551	71706.0	74266.0
-1550	72045.0	74192.0
-1549	72027.0	74351.0
-1548	71634.0	74120.0
-1547	71647.0	74003.0
-1546	71620.0	73920.0
-1545	71502.0	74241.0
-1544	71673.0	74039.0
-1543	71565.0	74307.0
-1542	71712.0	74201.0
-1541	71686.0	74080.0
-1540	71891.0	74014.0
-1539	71869.0	74275.0
-1538	71563.0	74467.0
-1537	71893.0	74197.0
-1536	72087.0	74109.0
-1535	71964.0	74138.0
-1534	71689.0	74039.0
-1533	72026.0	73989.0
-1532	71869.0	73986.0
-1531	71433.0	74074.0
-1530	71964.0	74632.0
-1529	72021.0	73884.0
-1528	71994.0	73964.0
-1527	71982.0	74171.0
-1526	71683.0	74172.0
-1525	71953.0	74322.0
-1524	72130.0	73800.0
-1523	71906.0	73999.0
-1522	72115.0	74161.0
-1521	72220.0	74147.0
-1520	72040.0	73878.0
-1519	71909.0	73918.0
-1518	71862.0	74164.0
-1517	71614.0	74275.0
-1516	71785.0	73910.0
-1515	71607.0	74191.0
-1514	72070.0	74133.0
-1513	71961.0	73887.0
-1512	71885.0	74138.0
-1511	71905.0	74144.0
-1510	71975.0	74026.0
-1509	71939.0	74107.0
-1508	71595.0	74127.0
-1507	71799.0	74275.0
-1506	71418.0	73672.0
-1505	71457.0	73755.0
-1504	71560.0	73839.0
-1503	71660.0	73870.0
-1502	71787.0	74157.0
-1501	72079.0	74124.0
-1500	71991.0	73910.0
-1499	71977.0	74402.0
-1498	71700.0	74104.0
-1497	71762.0	74176.0
-1496	71561.0	74071.0
-1495	72235.0	74110.0
-1494	71962.0	73901.0
-1493	71604.0	74019.0
-1492	71674.0	74293.0
-1491	71817.0	74011.0
-1490	71879.0	74027.0
-1489	72066.0	74072.0
-1488	71744.0	74276.0
-1487	71627.0	74027.0
-1486	71843.0	73983.0
-1485	71838.0	74074.0
-1484	71877.0	73891.0
-1483	71888.0	73844.0
-1482	71846.0	74031.0
-1481	71773.0	74001.0
-1480	71656.0	74311.0
-1479	71877.0	74428.0
-1478	71906.0	74073.0
-1477	71881.0	74046.0
-1476	71918.0	74317.0
-1475	71652.0	73821.0
-1474	72141.0	74135.0
-1473	71853.0	74056.0
-1472	72104.0	73886.0
-1471	72100.0	74246.0
-1470	71824.0	73801.0
-1469	72096.0	73688.0
-1468	71851.0	73894.0
-1467	71999.0	74482.0
-1466	72115.0	74064.0
-1465	72112.0	74259.0
-1464	71977.0	74113.0
-1463	72312.0	73984.0
-1462	72176.0	74006.0
-1461	72164.0	74139.0
-1460	72430.0	73787.0
-1459	72101.0	74207.0
-1458	72062.0	73907.0
-1457	72081.0	73780.0
-1456	71894.0	73662.0
-1455	71900.0	74070.0
-1454	72042.0	73837.0
-1453	72088.0	74011.0
-1452	72312.0	74129.0
-1451	72058.0	74074.0
-1450	72298.0	74380.0
-1449	72358.0	73942.0
-1448	72042.0	74138.0
-1447	72353.0	73717.0
-1446	72036.0	74118.0
-1445	71723.0	74084.0
-1444	72108.0	73972.0
-1443	71992.0	73260.0
-1442	72338.0	74056.0
-1441	72667.0	73882.0
-1440	71945.0	73780.0
-1439	72035.0	73845.0
-1438	71875.0	73670.0
-1437	72156.0	73757.0
-1436	71891.0	73872.0
-1435	71956.0	73681.0
-1434	72413.0	74021.0
-1433	72064.0	73577.0
-1432	72353.0	73849.0
-1431	72122.0	73798.0
-1430	72138.0	73709.0
-1429	72077.0	74026.0
-1428	72459.0	73684.0
-1427	72253.0	73783.0
-1426	72437.0	73801.0
-1425	72054.0	74224.0
-1424	72391.0	73786.0
-1423	72481.0	73346.0
-1422	72508.0	73559.0
-1421	72256.0	73313.0
-1420	72208.0	73415.0
-1419	72635.0	73823.0
-1418	72581.0	73525.0
-1417	72748.0	73670.0
-1416	72316.0	73409.0
-1415	72493.0	73764.0
-1414	72432.0	73388.0
-1413	72201.0	73440.0
-1412	72585.0	73600.0
-1411	72229.0	73721.0
-1410	72297.0	73936.0
-1409	72316.0	73860.0
-1408	72458.0	73785.0
-1407	72110.0	73691.0
-1406	72634.0	73386.0
-1405	72569.0	73600.0
-1404	72538.0	73653.0
-1403	72638.0	73190.0
-1402	72514.0	73462.0
-1401	72407.0	73457.0
-1400	72340.0	73379.0
-1399	72523.0	73488.0
-1398	72132.0	73529.0
-1397	72821.0	73643.0
-1396	72223.0	73405.0
-1395	72457.0	73363.0
-1394	72536.0	73497.0
-1393	72179.0	73449.0
-1392	72160.0	73319.0
-1391	72406.0	73772.0
-1390	72670.0	73479.0
-1389	72327.0	73535.0
-1388	72610.0	73508.0
-1387	72411.0	73452.0
-1386	72166.0	73023.0
-1385	72489.0	73205.0
-1384	72540.0	73755.0
-1383	72366.0	73718.0
-1382	72751.0	73644.0
-1381	72461.0	73221.0
-1380	72543.0	73766.0
-1379	72456.0	73194.0
-1378	72623.0	73054.0
-1377	72907.0	73398.0
-1376	72185.0	73408.0
-1375	72348.0	73339.0
-1374	72241.0	73561.0
-1373	72318.0	73500.0
-1372	72091.0	73419.0
-1371	71989.0	73221.0
-1370	72409.0	73589.0
-1369	72283.0	72972.0
-1368	72311.0	73624.0
-1367	72033.0	73292.0
-1366	71906.0	73362.0
-1365	72345.0	73090.0
-1364	72230.0	73244.0
-1363	72702.0	73078.0
-1362	72441.0	73576.0
-1361	72122.0	73549.0
-1360	72475.0	73416.0
-1359	72352.0	73516.0
-1358	72039.0	73394.0
-1357	72384.0	73333.0
-1356	72526.0	72919.0
-1355	72402.0	73427.0
-1354	72602.0	73364.0
-1353	72295.0	73543.0
-1352	72480.0	73019.0
-1351	72161.0	73183.0
-1350	72617.0	73067.0
-1349	72665.0	73469.0
-1348	72653.0	73422.0
-1347	72279.0	73484.0
-1346	72353.0	72900.0
-1345	72790.0	73461.0
-1344	72451.0	73255.0
-1343	72195.0	73570.0
-1342	72378.0	73392.0
-1341	72618.0	73592.0
-1340	72539.0	73341.0
-1339	72865.0	73665.0
-1338	72615.0	73350.0
-1337	72709.0	73549.0
-1336	72405.0	73653.0
-1335	72582.0	73415.0
-1334	72526.0	73427.0
-1333	71976.0	73543.0
-1332	72441.0	73142.0
-1331	72504.0	73252.0
-1330	72342.0	73323.0
-1329	72348.0	73547.0
-1328	72731.0	73324.0
-1327	72483.0	73448.0
-1326	72333.0	73032.0
-1325	72719.0	73069.0
-1324	72764.0	73730.0
-1323	72511.0	73619.0
-1322	72423.0	73260.0
-1321	72448.0	73393.0
-1320	72658.0	73473.0
-1319	72777.0	73664.0
-1318	72672.0	73369.0
-1317	72428.0	73397.0
-1316	72190.0	73094.0
-1315	72325.0	73159.0
-1314	72507.0	72994.0
-1313	72638.0	73325.0
-1312	72815.0	73243.0
-1311	72644.0	73510.0
-1310	72423.0	73375.0
-1309	72470.0	73614.0
-1308	72759.0	73313.0
-1307	72467.0	73529.0
-1306	72744.0	73232.0
-1305	72672.0	73321.0
-1304	71953.0	73640.0
-1303	72803.0	73243.0
-1302	72679.0	73280.0
-1301	72432.0	73565.0
-1300	72515.0	73772.0
-1299	72625.0	73450.0
-1298	72662.0	73185.0
-1297	73071.0	73784.0
-1296	72984.0	73223.0
-1295	72400.0	73410.0
-1294	72701.0	73450.0
-1293	72439.0	73835.0
-1292	72665.0	73517.0
-1291	72518.0	73439.0
-1290	72617.0	73683.0
-1289	72583.0	73132.0
-1288	72799.0	73345.0
-1287	72545.0	73683.0
-1286	72427.0	73810.0
-1285	72578.0	73494.0
-1284	72419.0	73412.0
-1283	72322.0	73695.0
-1282	72749.0	73543.0
-1281	72207.0	74019.0
-1280	72264.0	73417.0
-1279	72465.0	73687.0
-1278	72522.0	73564.0
-1277	72588.0	73703.0
-1276	72483.0	73709.0
-1275	72460.0	73571.0
-1274	72623.0	73501.0
-1273	72437.0	73780.0
-1272	72287.0	73341.0
-1271	72652.0	73819.0
-1270	72706.0	73623.0
-1269	72329.0	73892.0
-1268	72488.0	73680.0
-1267	72406.0	73704.0
-1266	72148.0	73399.0
-1265	72420.0	73435.0
-1264	72572.0	73582.0
-1263	72517.0	73668.0
-1262	72393.0	73983.0
-1261	72403.0	73945.0
-1260	72488.0	74097.0
-1259	72432.0	73748.0
-1258	72622.0	73640.0
-1257	72613.0	73856.0
-1256	72517.0	73828.0
-1255	72470.0	73873.0
-1254	72535.0	73736.0
-1253	72462.0	73925.0
-1252	72583.0	73758.0
-1251	72251.0	73659.0
-1250	72302.0	73557.0
-1249	72353.0	73641.0
-1248	72050.0	73880.0
-1247	72280.0	74001.0
-1246	72494.0	74027.0
-1245	72217.0	73910.0
-1244	72014.0	73872.0
-1243	72351.0	73916.0
-1242	72482.0	74071.0
-1241	72303.0	73916.0
-1240	72137.0	73807.0
-1239	72284.0	73929.0
-1238	72253.0	73962.0
-1237	72197.0	73786.0
-1236	72329.0	74173.0
-1235	72444.0	74059.0
-1234	72284.0	73925.0
-1233	72287.0	73382.0
-1232	72491.0	73600.0
-1231	72398.0	73900.0
-1230	72327.0	73513.0
-1229	72467.0	74052.0
-1228	72486.0	74244.0
-1227	72486.0	73812.0
-1226	72553.0	74089.0
-1225	72273.0	73975.0
-1224	72408.0	73685.0
-1223	72531.0	74025.0
-1222	72462.0	74028.0
-1221	72582.0	73743.0
-1220	72521.0	73880.0
-1219	72263.0	73983.0
-1218	72321.0	73951.0
-1217	72354.0	74023.0
-1216	72467.0	74154.0
-1215	72416.0	73683.0
-1214	72434.0	73939.0
-1213	71878.0	73884.0
-1212	72163.0	73752.0
-1211	72300.0	74217.0
-1210	72553.0	74049.0
-1209	72463.0	74150.0
-1208	72492.0	73775.0
-1207	72188.0	74147.0
-1206	72046.0	73870.0
-1205	72792.0	74158.0
-1204	72478.0	74179.0
-1203	72486.0	73759.0
-1202	72438.0	74205.0
-1201	72304.0	74114.0
-1200	72335.0	74349.0
-1199	72078.0	74336.0
-1198	72361.0	73882.0
-1197	72316.0	74354.0
-1196	72691.0	74169.0
-1195	72487.0	74330.0
-1194	72390.0	74375.0
-1193	72154.0	74419.0
-1192	72063.0	74460.0
-1191	72316.0	74258.0
-1190	72555.0	74258.0
-1189	72358.0	74124.0
-1188	72388.0	74294.0
-1187	72158.0	73914.0
-1186	72386.0	74651.0
-1185	72675.0	74034.0
-1184	72151.0	74075.0
-1183	72578.0	74018.0
-1182	72257.0	73854.0
-1181	72581.0	74282.0
-1180	72440.0	74087.0
-1179	72693.0	74228.0
-1178	72405.0	73781.0
-1177	72357.0	73950.0
-1176	72276.0	74281.0
-1175	72457.0	74445.0
-1174	72742.0	74141.0
-1173	72433.0	74236.0
-1172	72573.0	74127.0
-1171	72720.0	74303.0
-1170	72262.0	74573.0
-1169	72420.0	74337.0
-1168	72625.0	73888.0
-1167	72306.0	74295.0
-1166	72428.0	74520.0
-1165	72142.0	74477.0
-1164	72151.0	74374.0
-1163	72685.0	74384.0
-1162	72056.0	74447.0
-1161	72754.0	74517.0
-1160	72221.0	74306.0
-1159	72094.0	74475.0
-1158	72731.0	74230.0
-1157	72635.0	74221.0
-1156	72130.0	74036.0
-1155	72684.0	74107.0
-1154	72570.0	74371.0
-1153	72670.0	74427.0
-1152	72688.0	74495.0
-1151	72169.0	74187.0
-1150	72656.0	73770.0
-1149	72960.0	73916.0
-1148	72714.0	74419.0
-1147	72652.0	74101.0
-1146	73056.0	74230.0
-1145	72781.0	74291.0
-1144	72412.0	74406.0
-1143	72431.0	74348.0
-1142	72453.0	74857.0
-1141	72404.0	74531.0
-1140	72693.0	74273.0
-1139	72886.0	74528.0
-1138	72752.0	74660.0
-1137	72556.0	74478.0
-1136	72492.0	74569.0
-1135	72607.0	74393.0
-1134	72593.0	74275.0
-1133	72538.0	74322.0
-1132	72849.0	74656.0
-1131	72758.0	74418.0
-1130	72648.0	74056.0
-1129	72784.0	74448.0
-1128	72935.0	74426.0
-1127	72763.0	74198.0
-1126	72658.0	74172.0
-1125	72815.0	74287.0
-1124	72591.0	73997.0
-1123	72631.0	74390.0
-1122	72535.0	74356.0
-1121	72862.0	74449.0
-1120	72221.0	74306.0
-1119	72803.0	73939.0
-1118	72260.0	73939.0
-1117	72729.0	74059.0
-1116	72849.0	74393.0
-1115	72571.0	74023.0
-1114	72853.0	74212.0
-1113	72877.0	74390.0
-1112	72637.0	74304.0
-1111	72580.0	73928.0
-1110	72595.0	74374.0
-1109	72532.0	74687.0
-1108	72725.0	73959.0
-1107	72488.0	74132.0
-1106	72989.0	74188.0
-1105	72347.0	74092.0
-1104	72621.0	73973.0
-1103	72899.0	74098.0
-1102	73040.0	74408.0
-1101	72472.0	74173.0
-1100	72921.0	74283.0
-1099	72541.0	74271.0
-1098	72656.0	74282.0
-1097	72636.0	74240.0
-1096	72636.0	74073.0
-1095	72686.0	74008.0
-1094	72728.0	73934.0
-1093	72758.0	74082.0
-1092	72743.0	73958.0
-1091	72536.0	73982.0
-1090	72654.0	74009.0
-1089	72858.0	74199.0
-1088	72612.0	73969.0
-1087	72622.0	74377.0
-1086	72677.0	74162.0
-1085	72800.0	73912.0
-1084	72719.0	73923.0
-1083	72984.0	74355.0
-1082	72478.0	74281.0
-1081	72919.0	73825.0
-1080	72755.0	73964.0
-1079	72927.0	74127.0
-1078	72617.0	74004.0
-1077	72515.0	74076.0
-1076	72746.0	73757.0
-1075	72741.0	74436.0
-1074	72871.0	74136.0
-1073	73106.0	73969.0
-1072	72848.0	74071.0
-1071	72616.0	74050.0
-1070	72465.0	73830.0
-1069	72953.0	74423.0
-1068	72703.0	73960.0
-1067	72620.0	74184.0
-1066	72823.0	73759.0
-1065	72733.0	73764.0
-1064	72672.0	73873.0
-1063	72556.0	73788.0
-1062	72829.0	74217.0
-1061	72552.0	73638.0
-1060	73124.0	73946.0
-1059	72919.0	73779.0
-1058	72843.0	73827.0
-1057	72898.0	73956.0
-1056	72675.0	74029.0
-1055	72971.0	73620.0
-1054	73001.0	74063.0
-1053	72807.0	73849.0
-1052	72996.0	73535.0
-1051	72758.0	74091.0
-1050	72978.0	73895.0
-1049	73084.0	73629.0
-1048	72926.0	73574.0
-1047	72619.0	73882.0
-1046	73044.0	73771.0
-1045	72793.0	73743.0
-1044	73314.0	73657.0
-1043	72990.0	74030.0
-1042	72991.0	74177.0
-1041	73010.0	74249.0
-1040	72760.0	74033.0
-1039	73016.0	74194.0
-1038	73319.0	74231.0
-1037	73245.0	73752.0
-1036	73338.0	74059.0
-1035	73250.0	74248.0
-1034	72924.0	73764.0
-1033	73177.0	73656.0
-1032	72976.0	73814.0
-1031	73235.0	73714.0
-1030	72891.0	73769.0
-1029	73006.0	73771.0
-1028	72979.0	73383.0
-1027	72804.0	73552.0
-1026	73283.0	74133.0
-1025	73201.0	73942.0
-1024	72712.0	74075.0
-1023	73211.0	73960.0
-1022	73308.0	74071.0
-1021	73136.0	74074.0
-1020	73206.0	73813.0
-1019	73131.0	74164.0
-1018	73179.0	74070.0
-1017	73040.0	73800.0
-1016	72995.0	73950.0
-1015	73102.0	73925.0
-1014	73071.0	74006.0
-1013	73243.0	73619.0
-1012	73183.0	73736.0
-1011	72924.0	73650.0
-1010	73268.0	73810.0
-1009	73516.0	74035.0
-1008	73232.0	73761.0
-1007	73268.0	73710.0
-1006	73343.0	74172.0
-1005	73226.0	73968.0
-1004	73243.0	73609.0
-1003	73342.0	73947.0
-1002	73338.0	73660.0
-1001	73300.0	73835.0
-1000	73504.0	74485.0
-999	73241.0	73811.0
-998	73180.0	73974.0
-997	72872.0	73853.0
-996	73313.0	74122.0
-995	73393.0	73569.0
-994	72931.0	73603.0
-993	73485.0	73877.0
-992	73005.0	74027.0
-991	73151.0	73887.0
-990	72877.0	73780.0
-989	73447.0	73794.0
-988	73455.0	73653.0
-987	73593.0	74146.0
-986	73255.0	73776.0
-985	73158.0	74116.0
-984	72982.0	73942.0
-983	73283.0	74131.0
-982	73287.0	74062.0
-981	73266.0	74075.0
-980	73166.0	73846.0
-979	73166.0	73810.0
-978	72946.0	73988.0
-977	72849.0	73824.0
-976	73362.0	74053.0
-975	73124.0	74114.0
-974	73078.0	74042.0
-973	72999.0	73845.0
-972	73036.0	74025.0
-971	73363.0	74151.0
-970	73199.0	74039.0
-969	73414.0	73850.0
-968	73217.0	73734.0
-967	73062.0	73902.0
-966	73250.0	74152.0
-965	72973.0	73833.0
-964	72956.0	73635.0
-963	72929.0	73703.0
-962	72706.0	74014.0
-961	73047.0	74065.0
-960	73399.0	73856.0
-959	72988.0	73846.0
-958	73251.0	74012.0
-957	73220.0	74336.0
-956	72804.0	73816.0
-955	73113.0	74129.0
-954	73025.0	73925.0
-953	73096.0	73799.0
-952	72731.0	73946.0
-951	72789.0	74445.0
-950	73193.0	74026.0
-949	73268.0	74195.0
-948	72920.0	73787.0
-947	73206.0	73982.0
-946	73347.0	73902.0
-945	72701.0	74294.0
-944	72867.0	74170.0
-943	72928.0	74242.0
-942	73009.0	74073.0
-941	73126.0	73806.0
-940	73172.0	74288.0
-939	72679.0	74128.0
-938	72961.0	73861.0
-937	72995.0	74353.0
-936	72534.0	74008.0
-935	72980.0	74396.0
-934	72698.0	74179.0
-933	72526.0	73975.0
-932	72489.0	73938.0
-931	72665.0	74315.0
-930	72372.0	74152.0
-929	73030.0	74525.0
-928	72517.0	74448.0
-927	72773.0	73743.0
-926	72576.0	74378.0
-925	72510.0	74048.0
-924	72549.0	74144.0
-923	72604.0	74089.0
-922	72409.0	74146.0
-921	72617.0	74591.0
-920	72063.0	74119.0
-919	72400.0	73929.0
-918	72592.0	73755.0
-917	72440.0	74430.0
-916	72551.0	74376.0
-915	72692.0	73892.0
-914	72672.0	74024.0
-913	72332.0	74553.0
-912	72687.0	74046.0
-911	72751.0	74262.0
-910	72669.0	74296.0
-909	72276.0	74100.0
-908	72322.0	73993.0
-907	72513.0	74414.0
-906	72081.0	74043.0
-905	71965.0	74496.0
-904	72374.0	74376.0
-903	72211.0	74047.0
-902	72041.0	74332.0
-901	71910.0	74109.0
-900	72149.0	74494.0
-899	72270.0	74337.0
-898	72324.0	74298.0
-897	72145.0	74226.0
-896	72153.0	74192.0
-895	72264.0	74384.0
-894	72158.0	74183.0
-893	71843.0	74347.0
-892	71842.0	74206.0
-891	71844.0	74342.0
-890	72562.0	74401.0
-889	71896.0	74485.0
-888	72201.0	74493.0
-887	72070.0	74145.0
-886	72046.0	74220.0
-885	71946.0	74452.0
-884	71911.0	73858.0
-883	72303.0	74453.0
-882	71857.0	74394.0
-881	72023.0	74124.0
-880	72031.0	74345.0
-879	72085.0	74300.0
-878	71965.0	74432.0
-877	71547.0	74186.0
-876	72082.0	74407.0
-875	71585.0	74395.0
-874	71712.0	74695.0
-873	71379.0	74260.0
-872	71251.0	74475.0
-871	71521.0	74554.0
-870	71949.0	74785.0
-869	71458.0	74558.0
-868	71060.0	74291.0
-867	71566.0	74632.0
-866	71243.0	74518.0
-865	71660.0	74791.0
-864	71809.0	74508.0
-863	71661.0	74572.0
-862	71272.0	74484.0
-861	71302.0	74538.0
-860	71270.0	74656.0
-859	71033.0	74257.0
-858	71589.0	74504.0
-857	71497.0	74693.0
-856	71723.0	74543.0
-855	71345.0	74358.0
-854	71146.0	74555.0
-853	71596.0	74686.0
-852	71399.0	74313.0
-851	71419.0	74849.0
-850	71315.0	74773.0
-849	71171.0	74563.0
-848	70907.0	74859.0
-847	71362.0	74067.0
-846	70928.0	74055.0
-845	71162.0	74589.0
-844	71061.0	74812.0
-843	71054.0	74201.0
-842	70956.0	74431.0
-841	70854.0	74622.0
-840	70823.0	74470.0
-839	71013.0	74808.0
-838	70614.0	74794.0
-837	70608.0	74292.0
-836	70970.0	74338.0
-835	70967.0	74356.0
-834	70888.0	74508.0
-833	70876.0	74606.0
-832	70710.0	74594.0
-831	70688.0	74528.0
-830	70719.0	75081.0
-829	70644.0	74487.0
-828	70390.0	74710.0
-827	70381.0	74709.0
-826	70610.0	74669.0
-825	70613.0	74587.0
-824	70615.0	74573.0
-823	70495.0	74439.0
-822	70852.0	74577.0
-821	70596.0	74338.0
-820	70672.0	74821.0
-819	70606.0	74936.0
-818	70566.0	74915.0
-817	70767.0	74418.0
-816	70719.0	74663.0
-815	70820.0	74640.0
-814	70450.0	74463.0
-813	70522.0	74612.0
-812	70328.0	74778.0
-811	70366.0	74507.0
-810	70525.0	74566.0
-809	70387.0	74981.0
-808	70684.0	74803.0
-807	70528.0	74948.0
-806	70343.0	74679.0
-805	70757.0	74971.0
-804	70603.0	74933.0
-803	70677.0	74692.0
-802	70155.0	75034.0
-801	69887.0	75144.0
-800	70410.0	74967.0
-799	70076.0	74862.0
-798	70300.0	74648.0
-797	70221.0	74765.0
-796	70403.0	74784.0
-795	70150.0	74659.0
-794	70111.0	75332.0
-793	69924.0	74720.0
-792	69766.0	74228.0
-791	69913.0	75001.0
-790	69964.0	74776.0
-789	70310.0	74628.0
-788	69967.0	74843.0
-787	70108.0	74668.0
-786	69789.0	74271.0
-785	69834.0	75116.0
-784	70081.0	74996.0
-783	70333.0	74380.0
-782	70015.0	74879.0
-781	70095.0	74647.0
-780	70072.0	74715.0
-779	69996.0	74763.0
-778	70235.0	75026.0
-777	69972.0	74761.0
-776	69658.0	74426.0
-775	69480.0	74382.0
-774	70200.0	74724.0
-773	69792.0	74782.0
-772	70120.0	75012.0
-771	69995.0	74794.0
-770	69871.0	74632.0
-769	69905.0	74776.0
-768	69935.0	74790.0
-767	69919.0	74478.0
-766	69801.0	74713.0
-765	69875.0	74953.0
-764	69808.0	74788.0
-763	69746.0	74746.0
-762	69786.0	75027.0
-761	69671.0	74652.0
-760	69565.0	74597.0
-759	69931.0	74661.0
-758	69448.0	75171.0
-757	69738.0	74874.0
-756	69698.0	74880.0
-755	69807.0	74387.0
-754	69642.0	74798.0
-753	69507.0	74580.0
-752	69565.0	74231.0
-751	69511.0	74841.0
-750	69789.0	74443.0
-749	69460.0	74459.0
-748	69089.0	74667.0
-747	69863.0	74236.0
-746	69590.0	74404.0
-745	69795.0	74393.0
-744	69168.0	74475.0
-743	69468.0	74604.0
-742	69693.0	74585.0
-741	69357.0	74830.0
-740	69406.0	74696.0
-739	69326.0	74624.0
-738	69399.0	74938.0
-737	69226.0	74872.0
-736	69692.0	74432.0
-735	69234.0	74492.0
-734	69218.0	74507.0
-733	69581.0	74547.0
-732	69571.0	74636.0
-731	69461.0	74556.0
-730	69382.0	74496.0
-729	69189.0	74493.0
-728	69464.0	74654.0
-727	69508.0	74696.0
-726	69614.0	74147.0
-725	69677.0	74051.0
-724	69450.0	74328.0
-723	69473.0	74454.0
-722	69412.0	73883.0
-721	69641.0	74403.0
-720	69319.0	74395.0
-719	69252.0	74056.0
-718	69361.0	74286.0
-717	69258.0	74426.0
-716	69364.0	74462.0
-715	69540.0	74060.0
-714	69599.0	74244.0
-713	69509.0	73929.0
-712	69393.0	74177.0
-711	69340.0	74341.0
-710	69227.0	74180.0
-709	69283.0	74062.0
-708	69350.0	74210.0
-707	69278.0	73735.0
-706	69568.0	73966.0
-705	69174.0	73932.0
-704	69291.0	74312.0
-703	69391.0	74087.0
-702	69553.0	74017.0
-701	69234.0	73892.0
-700	69634.0	74431.0
-699	69438.0	74119.0
-698	69349.0	74136.0
-697	69431.0	74194.0
-696	69578.0	73942.0
-695	69670.0	74234.0
-694	69799.0	74097.0
-693	69633.0	73827.0
-692	69658.0	73957.0
-691	69628.0	74034.0
-690	69631.0	73741.0
-689	69445.0	74100.0
-688	69619.0	73794.0
-687	69518.0	73623.0
-686	69546.0	73943.0
-685	69766.0	74234.0
-684	70190.0	74034.0
-683	69669.0	73676.0
-682	70016.0	73619.0
-681	69827.0	73983.0
-680	69987.0	73830.0
-679	69550.0	73647.0
-678	70150.0	73823.0
-677	69436.0	73557.0
-676	69829.0	73868.0
-675	69762.0	73875.0
-674	69633.0	73649.0
-673	69650.0	73952.0
-672	69545.0	73664.0
-671	69556.0	73470.0
-670	69603.0	73441.0
-669	69672.0	73644.0
-668	69595.0	73568.0
-667	69745.0	73435.0
-666	69812.0	73209.0
-665	69733.0	73183.0
-664	69921.0	73506.0
-663	69571.0	73329.0
-662	70041.0	73646.0
-661	69876.0	73158.0
-660	69648.0	73062.0
-659	69824.0	73346.0
-658	69925.0	72828.0
-657	70019.0	73330.0
-656	70194.0	73245.0
-655	69885.0	73233.0
-654	70241.0	73235.0
-653	70111.0	73332.0
-652	70194.0	73249.0
-651	69897.0	73406.0
-650	70062.0	72936.0
-649	69988.0	73053.0
-648	70164.0	73231.0
-647	70247.0	72815.0
-646	70288.0	73005.0
-645	70576.0	73045.0
-644	70474.0	73067.0
-643	70084.0	72976.0
-642	69886.0	73008.0
-641	70348.0	72756.0
-640	70153.0	72892.0
-639	70441.0	72699.0
-638	70134.0	72644.0
-637	70156.0	72811.0
-636	70389.0	72815.0
-635	70478.0	72962.0
-634	70508.0	73085.0
-633	70460.0	72723.0
-632	70230.0	72816.0
-631	70515.0	72318.0
-630	70596.0	72504.0
-629	70495.0	72667.0
-628	70744.0	72655.0
-627	70792.0	72351.0
-626	70668.0	72183.0
-625	70174.0	72438.0
-624	70294.0	72381.0
-623	70655.0	72440.0
-622	70696.0	71986.0
-621	70868.0	72618.0
-620	70658.0	72456.0
-619	70708.0	72374.0
-618	70989.0	72519.0
-617	70704.0	72919.0
-616	70331.0	72274.0
-615	70724.0	72527.0
-614	71110.0	72088.0
-613	70805.0	72313.0
-612	70789.0	72080.0
-611	71096.0	72378.0
-610	70779.0	72035.0
-609	70720.0	72093.0
-608	70835.0	72433.0
-607	70935.0	72236.0
-606	70761.0	72277.0
-605	70923.0	71634.0
-604	70856.0	71886.0
-603	71109.0	72080.0
-602	70301.0	72131.0
-601	71239.0	72043.0
-600	71306.0	72243.0
-599	71202.0	72257.0
-598	71456.0	71779.0
-597	71508.0	71672.0
-596	71169.0	71853.0
-595	71495.0	72155.0
-594	71310.0	71566.0
-593	71216.0	71849.0
-592	71389.0	71729.0
-591	71272.0	71932.0
-590	71256.0	71627.0
-589	71319.0	71390.0
-588	71444.0	71498.0
-587	71692.0	71809.0
-586	71672.0	72000.0
-585	71627.0	71819.0
-584	71434.0	71231.0
-583	71889.0	71754.0
-582	71380.0	72007.0
-581	71955.0	71540.0
-580	72163.0	71347.0
-579	71792.0	71516.0
-578	71585.0	71493.0
-577	71837.0	71458.0
-576	71838.0	71384.0
-575	72020.0	71794.0
-574	71641.0	71379.0
-573	72052.0	71115.0
-572	72523.0	71467.0
-571	72116.0	71206.0
-570	71823.0	71052.0
-569	72369.0	71108.0
-568	71965.0	71267.0
-567	72362.0	71541.0
-566	71973.0	71139.0
-565	72567.0	71441.0
-564	72157.0	71224.0
-563	72565.0	71534.0
-562	72256.0	70990.0
-561	72155.0	71110.0
-560	72208.0	71304.0
-559	72624.0	71130.0
-558	72358.0	70900.0
-557	72283.0	70996.0
-556	72801.0	70933.0
-555	72732.0	70819.0
-554	72651.0	70865.0
-553	72193.0	71017.0
-552	72885.0	70449.0
-551	72727.0	70711.0
-550	72762.0	70360.0
-549	73015.0	70625.0
-548	72622.0	70657.0
-547	72805.0	70677.0
-546	72862.0	70914.0
-545	72961.0	70879.0
-544	73426.0	70646.0
-543	72755.0	70459.0
-542	72669.0	70725.0
-541	73426.0	70626.0
-540	73135.0	71007.0
-539	72970.0	70483.0
-538	73149.0	70542.0
-537	73036.0	70650.0
-536	73317.0	70847.0
-535	73297.0	70762.0
-534	73455.0	70577.0
-533	73460.0	70327.0
-532	73404.0	70485.0
-531	73150.0	70491.0
-530	73549.0	70031.0
-529	73749.0	70547.0
-528	73563.0	70612.0
-527	73546.0	70470.0
-526	73785.0	70595.0
-525	73352.0	70365.0
-524	74101.0	69974.0
-523	73514.0	70289.0
-522	74147.0	70456.0
-521	73685.0	70389.0
-520	74203.0	70442.0
-519	73848.0	70097.0
-518	73694.0	70540.0
-517	74064.0	70211.0
-516	73879.0	70145.0
-515	74173.0	70534.0
-514	74224.0	70245.0
-513	74264.0	70297.0
-512	74130.0	69950.0
-511	74147.0	70767.0
-510	74642.0	70528.0
-509	74457.0	69886.0
-508	74456.0	70063.0
-507	74535.0	70173.0
-506	74408.0	70130.0
-505	74795.0	70100.0
-504	74756.0	70447.0
-503	74817.0	70130.0
-502	74854.0	69888.0
-501	75030.0	70186.0
-500	74629.0	70376.0
-499	75270.0	70041.0
-498	74852.0	70279.0
-497	75278.0	70032.0
-496	75196.0	70048.0
-495	75247.0	70239.0
-494	75123.0	70232.0
-493	75335.0	70133.0
-492	75008.0	70160.0
-491	75255.0	69941.0
-490	75560.0	70190.0
-489	75319.0	70005.0
-488	75709.0	69658.0
-487	75713.0	69813.0
-486	75747.0	69922.0
-485	75749.0	70081.0
-484	75731.0	70144.0
-483	75909.0	70101.0
-482	75926.0	69679.0
-481	75877.0	69857.0
-480	75854.0	69715.0
-479	76082.0	70093.0
-478	75988.0	70049.0
-477	76176.0	70014.0
-476	76130.0	70060.0
-475	76268.0	69706.0
-474	76149.0	69875.0
-473	76603.0	69922.0
-472	76856.0	69988.0
-471	76322.0	69674.0
-470	76573.0	69798.0
-469	76851.0	69826.0
-468	76909.0	69645.0
-467	77016.0	70044.0
-466	77124.0	70003.0
-465	77097.0	69666.0
-464	77230.0	69808.0
-463	77283.0	69700.0
-462	77230.0	69682.0
-461	77337.0	69903.0
-460	77435.0	69938.0
-459	77967.0	69676.0
-458	78060.0	69548.0
-457	77786.0	69874.0
-456	77178.0	69856.0
-455	78232.0	70122.0
-454	77934.0	69546.0
-453	78157.0	69648.0
-452	78496.0	69866.0
-451	78182.0	69719.0
-450	78621.0	69489.0
-449	78523.0	69731.0
-448	78514.0	69364.0
-447	78853.0	69483.0
-446	79030.0	69397.0
-445	78887.0	69503.0
-444	78925.0	69234.0
-443	79474.0	69658.0
-442	79549.0	69354.0
-441	79672.0	69314.0
-440	79736.0	69591.0
-439	79249.0	69886.0
-438	79732.0	69881.0
-437	79722.0	69714.0
-436	80060.0	69561.0
-435	79738.0	69724.0
-434	79801.0	69191.0
-433	80339.0	69419.0
-432	80384.0	69240.0
-431	80753.0	69218.0
-430	80388.0	68930.0
-429	80637.0	69717.0
-428	80466.0	69480.0
-427	81099.0	69604.0
-426	81126.0	69581.0
-425	81681.0	69734.0
-424	81533.0	69417.0
-423	81929.0	69411.0
-422	81555.0	69369.0
-421	82291.0	69626.0
-420	82159.0	69374.0
-419	81796.0	69359.0
-418	82085.0	69242.0
-417	82542.0	69398.0
-416	82555.0	69183.0
-415	82580.0	69221.0
-414	82919.0	69583.0
-413	82973.0	69393.0
-412	82951.0	68850.0
-411	83110.0	69247.0
-410	83075.0	69140.0
-409	83758.0	69009.0
-408	83836.0	69087.0
-407	84166.0	69256.0
-406	84165.0	69037.0
-405	84254.0	68770.0
-404	84637.0	69392.0
-403	85069.0	69017.0
-402	84548.0	69507.0
-401	84914.0	68782.0
-400	85183.0	68862.0
-399	85027.0	68906.0
-398	85481.0	69347.0
-397	85543.0	69118.0
-396	86076.0	68999.0
-395	86196.0	69299.0
-394	86820.0	69352.0
-393	86594.0	69237.0
-392	86886.0	68915.0
-391	86966.0	68962.0
-390	87186.0	69090.0
-389	87323.0	68772.0
-388	87060.0	68786.0
-387	87647.0	68827.0
-386	88209.0	69128.0
-385	87714.0	68848.0
-384	88278.0	68942.0
-383	88887.0	68785.0
-382	88735.0	68954.0
-381	89019.0	68633.0
-380	89238.0	69127.0
-379	89325.0	68775.0
-378	89914.0	69110.0
-377	90280.0	68978.0
-376	90248.0	68827.0
-375	90051.0	68684.0
-374	90382.0	68874.0
-373	90597.0	68896.0
-372	91333.0	68679.0
-371	91562.0	68855.0
-370	91215.0	68998.0
-369	91557.0	68951.0
-368	92276.0	68723.0
-367	92515.0	68814.0
-366	92577.0	68701.0
-365	92944.0	68720.0
-364	93578.0	68366.0
-363	93606.0	68809.0
-362	93798.0	68814.0
-361	94553.0	68487.0
-360	94499.0	68737.0
-359	94717.0	68338.0
-358	95523.0	68805.0
-357	94967.0	68321.0
-356	96059.0	68690.0
-355	96133.0	68902.0
-354	96031.0	68635.0
-353	96684.0	68479.0
-352	96895.0	68653.0
-351	97351.0	68443.0
-350	97671.0	68346.0
-349	97656.0	68525.0
-348	98428.0	68714.0
-347	98342.0	68690.0
-346	98540.0	68483.0
-345	98747.0	68014.0
-344	99265.0	68395.0
-343	99998.0	68495.0
-342	99998.0	68733.0
-341	100980.0	68704.0
-340	100309.0	68424.0
-339	101859.0	68399.0
-338	101992.0	68363.0
-337	101974.0	68429.0
-336	102244.0	68244.0
-335	103170.0	68140.0
-334	103301.0	68597.0
-333	103783.0	68348.0
-332	103950.0	68341.0
-331	104382.0	68271.0
-330	103900.0	68179.0
-329	105350.0	68426.0
-328	105268.0	68083.0
-327	106064.0	68286.0
-326	106176.0	68015.0
-325	107259.0	68084.0
-324	106841.0	68113.0
-323	107724.0	68025.0
-322	107683.0	67838.0
-321	108702.0	68107.0
-320	108834.0	67766.0
-319	109818.0	67722.0
-318	109574.0	67919.0
-317	109930.0	67902.0
-316	110497.0	68083.0
-315	110931.0	67660.0
-314	111414.0	67880.0
-313	112200.0	67644.0
-312	112536.0	68032.0
-311	113202.0	67442.0
-310	113499.0	68044.0
-309	113419.0	67572.0
-308	114483.0	67722.0
-307	115235.0	67609.0
-306	115269.0	67627.0
-305	116252.0	67718.0
-304	116910.0	67766.0
-303	117202.0	67734.0
-302	117953.0	67272.0
-301	118385.0	67784.0
-300	118694.0	67208.0
-299	119484.0	67421.0
-298	119962.0	67276.0
-297	120426.0	67305.0
-296	120736.0	67122.0
-295	121849.0	67092.0
-294	122887.0	66742.0
-293	123056.0	67447.0
-292	123380.0	67199.0
-291	124282.0	66966.0
-290	125088.0	67226.0
-289	125719.0	66921.0
-288	125864.0	66699.0
-287	126203.0	66748.0
-286	127827.0	66577.0
-285	127759.0	66935.0
-284	128863.0	66961.0
-283	129702.0	66682.0
-282	130279.0	66425.0
-281	130702.0	66675.0
-280	132141.0	66347.0
-279	132480.0	66478.0
-278	132850.0	66403.0
-277	133861.0	66289.0
-276	134629.0	66248.0
-275	134696.0	66327.0
-274	135955.0	66118.0
-273	136460.0	66104.0
-272	137433.0	66430.0
-271	138432.0	66452.0
-270	138883.0	66092.0
-269	139621.0	66028.0
-268	140398.0	65876.0
-267	141162.0	65749.0
-266	142147.0	65950.0
-265	143111.0	65669.0
-264	144084.0	65841.0
-263	144573.0	65640.0
-262	145560.0	66128.0
-261	146086.0	65447.0
-260	147172.0	65806.0
-259	148496.0	65731.0
-258	149157.0	65390.0
-257	150035.0	65691.0
-256	150753.0	65571.0
-255	151918.0	65515.0
-254	152767.0	65429.0
-253	153942.0	65187.0
-252	155304.0	65362.0
-251	155811.0	65236.0
-250	156750.0	65113.0
-249	157699.0	64914.0
-248	158657.0	65320.0
-247	159210.0	64879.0
-246	160651.0	64963.0
-245	162804.0	64927.0
-244	162435.0	64863.0
-243	163616.0	65124.0
-242	164837.0	64952.0
-241	165925.0	64677.0
-240	166883.0	64619.0
-239	168170.0	64428.0
-238	168952.0	64791.0
-237	170519.0	64392.0
-236	172327.0	64293.0
-235	173031.0	64262.0
-234	174249.0	64385.0
-233	174918.0	63837.0
-232	176617.0	64211.0
-231	177661.0	64217.0
-230	178700.0	64141.0
-229	180275.0	64010.0
-228	181607.0	64054.0
-227	182875.0	63708.0
-226	184142.0	63402.0
-225	185749.0	63932.0
-224	187301.0	63874.0
-223	188567.0	64039.0
-222	189904.0	63870.0
-221	191124.0	63443.0
-220	192745.0	63988.0
-219	194132.0	63996.0
-218	195087.0	63644.0
-217	197070.0	63503.0
-216	197819.0	63645.0
-215	199630.0	63188.0
-214	201031.0	63076.0
-213	203126.0	63424.0
-212	204511.0	63380.0
-211	206637.0	63126.0
-210	207920.0	63078.0
-209	208856.0	63010.0
-208	211191.0	62849.0
-207	212342.0	62582.0
-206	214157.0	62653.0
-205	216236.0	62834.0
-204	217721.0	62987.0
-203	218979.0	62595.0
-202	221514.0	62009.0
-201	223026.0	62451.0
-200	224315.0	62481.0
-199	227302.0	62302.0
-198	228772.0	61988.0
-197	230170.0	62263.0
-196	232218.0	61844.0
-195	233854.0	62024.0
-194	236141.0	61813.0
-193	238229.0	61914.0
-192	240017.0	61851.0
-191	241278.0	61633.0
-190	244241.0	61457.0
-189	246759.0	61137.0
-188	247049.0	61239.0
-187	249958.0	61043.0
-186	252058.0	61226.0
-185	254290.0	61175.0
-184	256075.0	61180.0
-183	259050.0	60733.0
-182	261277.0	61053.0
-181	262884.0	61035.0
-180	264985.0	61071.0
-179	266858.0	60539.0
-178	269810.0	60780.0
-177	272894.0	60295.0
-176	274302.0	60245.0
-175	277158.0	60456.0
-174	279344.0	60561.0
-173	281683.0	60420.0
-172	285885.0	60019.0
-171	287740.0	59805.0
-170	289720.0	59783.0
-169	292380.0	60012.0
-168	294997.0	59475.0
-167	296909.0	59667.0
-166	300076.0	59525.0
-165	302500.0	59346.0
-164	305697.0	59360.0
-163	307800.0	59370.0
-162	311294.0	59148.0
-161	313528.0	59046.0
-160	316273.0	58662.0
-159	320031.0	58887.0
-158	322495.0	58585.0
-157	326050.0	58668.0
-156	328985.0	58329.0
-155	331020.0	58203.0
-154	335066.0	58200.0
-153	337645.0	58064.0
-152	340014.0	58195.0
-151	343385.0	57781.0
-150	347042.0	58018.0
-149	349600.0	57277.0
-148	354343.0	57272.0
-147	357155.0	57252.0
-146	360174.0	57095.0
-145	363490.0	57175.0
-144	367437.0	56958.0
-143	370547.0	56523.0
-142	374544.0	56731.0
-141	377812.0	56688.0
-140	380236.0	56330.0
-139	383820.0	56400.0
-138	387628.0	56276.0
-137	391263.0	56038.0
-136	394555.0	56007.0
-135	398402.0	56087.0
-134	402919.0	55742.0
-133	405939.0	55614.0
-132	409698.0	55398.0
-131	414889.0	55376.0
-130	417984.0	55582.0
-129	422287.0	55201.0
-128	425490.0	55135.0
-127	430155.0	55083.0
-126	434355.0	54298.0
-125	438056.0	54410.0
-124	441638.0	54047.0
-123	446108.0	54312.0
-122	451298.0	54144.0
-121	454902.0	53946.0
-120	459474.0	53619.0
-119	462976.0	53608.0
-118	468276.0	53167.0
-117	472772.0	53620.0
-116	476661.0	52953.0
-115	480554.0	53037.0
-114	485959.0	53053.0
-113	490871.0	52696.0
-112	494502.0	52671.0
-111	500017.0	52816.0
-110	503601.0	52427.0
-109	507634.0	52364.0
-108	512838.0	52228.0
-107	517420.0	51893.0
-106	522786.0	52004.0
-105	527536.0	51697.0
-104	533197.0	51275.0
-103	536800.0	51215.0
-102	541784.0	51033.0
-101	545912.0	50983.0
-100	550662.0	50721.0
-99	555529.0	50599.0
-98	560660.0	50446.0
-97	565126.0	50052.0
-96	569676.0	50154.0
-95	573077.0	50027.0
-94	579073.0	49623.0
-93	583861.0	49845.0
-92	588518.0	49393.0
-91	593915.0	49153.0
-90	599273.0	49190.0
-89	603102.0	48822.0
-88	608657.0	48518.0
-87	612392.0	48381.0
-86	617650.0	48387.0
-85	623589.0	48497.0
-84	626975.0	48115.0
-83	632139.0	47556.0
-82	637346.0	47948.0
-81	641727.0	47604.0
-80	645958.0	47560.0
-79	650290.0	47053.0
-78	656437.0	47122.0
-77	660682.0	46787.0
-76	665124.0	46775.0
-75	670027.0	46725.0
-74	674460.0	46314.0
-73	678850.0	46251.0
-72	683461.0	45770.0
-71	688017.0	45929.0
-70	693297.0	45535.0
-69	697424.0	45541.0
-68	702702.0	45425.0
-67	707056.0	44928.0
-66	711677.0	44842.0
-65	717082.0	44413.0
-64	720426.0	44506.0
-63	725262.0	44428.0
-62	730379.0	43966.0
-61	735371.0	43492.0
-60	739040.0	43747.0
-59	745120.0	43842.0
-58	748935.0	43510.0
-57	752224.0	43486.0
-56	757185.0	43386.0
-55	760555.0	43069.0
-54	764997.0	42990.0
-53	771109.0	42643.0
-52	774713.0	42693.0
-51	779609.0	42491.0
-50	784195.0	42284.0
-49	786834.0	42305.0
-48	791719.0	41605.0
-47	795760.0	41832.0
-46	800011.0	41776.0
-45	806053.0	41355.0
-44	810782.0	41241.0
-43	814992.0	40970.0
-42	819705.0	40884.0
-41	823841.0	40486.0
-40	829311.0	40215.0
-39	832775.0	40217.0
-38	837906.0	40253.0
-37	842764.0	39954.0
-36	847090.0	39797.0
-35	852663.0	39649.0
-34	856808.0	39427.0
-33	860857.0	39219.0
-32	866076.0	39232.0
-31	869127.0	39032.0
-30	875192.0	38725.0
-29	879159.0	38744.0
-28	884598.0	38217.0
-27	889217.0	38423.0
-26	893592.0	38576.0
-25	897738.0	38535.0
-24	901483.0	37976.0
-23	905025.0	38217.0
-22	907445.0	37917.0
-21	911054.0	37261.0
-20	913355.0	36647.0
-19	917279.0	37208.0
-18	920614.0	36881.0
-17	925708.0	37921.0
-16	928640.0	36885.0
-15	933075.0	36145.0
-14	936202.0	36104.0
-13	940170.0	35748.0
-12	944794.0	36022.0
-11	949707.0	35541.0
-10	952401.0	35339.0
-9	956277.0	35274.0
-8	961999.0	35659.0
-7	967533.0	35073.0
-6	972888.0	35403.0
-5	980864.0	35252.0
-4	983157.0	35164.0
-3	990883.0	35284.0
-2	996762.0	35327.0
-1	1011821.0	35602.0
0	8497.0	35802.0
1	968303.0	35576.0
2	953182.0	35800.0
3	947394.0	36421.0
4	940470.0	36753.0
5	940059.0	36914.0
6	933133.0	36981.0
7	927393.0	38092.0
8	921586.0	39331.0
9	918618.0	40360.0
10	914453.0	41313.0
11	911405.0	41143.0
12	906209.0	41142.0
13	902439.0	41075.0
14	898447.0	40735.0
15	894934.0	40769.0
16	891414.0	40783.0
17	889150.0	40521.0
18	883573.0	40480.0
19	880268.0	40416.0
20	877875.0	40391.0
21	874879.0	40016.0
22	872513.0	40122.0
23	868148.0	40189.0
24	865765.0	39868.0
25	860871.0	39734.0
26	858415.0	39881.0
27	853912.0	39580.0
28	848534.0	39607.0
29	844677.0	37251.0
30	839042.0	38334.0
31	836183.0	39936.0
32	831391.0	40523.0
33	825379.0	42101.0
34	823860.0	44373.0
35	817764.0	47378.0
36	814214.0	51454.0
37	810127.0	55409.0
38	805763.0	59994.0
39	800618.0	64253.0
40	796557.0	68872.0
41	791748.0	73630.0
42	788614.0	78233.0
43	782973.0	82408.0
44	780770.0	87440.0
45	776065.0	91092.0
46	768517.0	95752.0
47	765577.0	99715.0
48	762370.0	103714.0
49	759304.0	107935.0
50	754781.0	112484.0
51	749720.0	116372.0
52	746546.0	120770.0
53	741844.0	125005.0
54	737357.0	126520.0
55	734507.0	127528.0
56	730346.0	131064.0
57	725860.0	135032.0
58	720849.0	140063.0
59	717307.0	146191.0
60	712045.0	152185.0
61	709442.0	158425.0
62	705701.0	163803.0
63	700075.0	170291.0
64	696444.0	176246.0
65	692526.0	182691.0
66	688396.0	189283.0
67	684134.0	194967.0
68	678996.0	201645.0
69	675252.0	207478.0
70	670175.0	213231.0
71	666135.0	219071.0
72	661926.0	225011.0
73	657631.0	231013.0
74	653488.0	236511.0
75	649521.0	244876.0
76	645001.0	251516.0
77	639513.0	254827.0
78	636018.0	259013.0
79	630906.0	264387.0
80	627480.0	269853.0
81	621947.0	276142.0
82	617734.0	281084.0
83	612563.0	287755.0
84	609451.0	293451.0
85	604255.0	298635.0
86	600314.0	305580.0
87	596096.0	311649.0
88	591618.0	317248.0
89	587199.0	322498.0
90	580902.0	328896.0
91	578124.0	334581.0
92	571726.0	340904.0
93	567803.0	346310.0
94	563567.0	351693.0
95	559202.0	358512.0
96	553783.0	364380.0
97	550606.0	368603.0
98	544920.0	374393.0
99	539749.0	380179.0
100	537362.0	386282.0
101	531866.0	391144.0
102	527878.0	396610.0
103	523288.0	402919.0
104	518194.0	408976.0
105	515010.0	413144.0
106	509397.0	418993.0
107	505931.0	424933.0
108	501426.0	429875.0
109	496122.0	435705.0
110	492172.0	441426.0
111	487919.0	447806.0
112	484585.0	451725.0
113	479162.0	457328.0
114	474518.0	463339.0
115	470522.0	468002.0
116	465847.0	473713.0
117	461825.0	479299.0
118	457382.0	484832.0
119	453658.0	490161.0
120	449378.0	495453.0
121	445876.0	501315.0
122	440674.0	506521.0
123	436590.0	511871.0
124	432540.0	516324.0
125	428771.0	522759.0
126	424936.0	528259.0
127	420451.0	533382.0
128	416226.0	537628.0
129	413669.0	543880.0
130	408206.0	549497.0
131	406044.0	554735.0
132	401787.0	559820.0
133	397648.0	564231.0
134	393835.0	570489.0
135	390486.0	575649.0
136	386970.0	580706.0
137	383860.0	585850.0
138	380460.0	591317.0
139	375889.0	596952.0
140	372375.0	600808.0
141	369186.0	605814.0
142	366213.0	611148.0
143	362771.0	616278.0
144	359104.0	621467.0
145	355970.0	626112.0
146	352751.0	631252.0
147	349455.0	635030.0
148	346434.0	641108.0
149	343104.0	645442.0
150	339533.0	650047.0
151	336380.0	653718.0
152	333912.0	659094.0
153	331025.0	663446.0
154	327941.0	668437.0
155	325411.0	672308.0
156	322004.0	677310.0
157	318688.0	682613.0
158	316154.0	684536.0
159	313099.0	688370.0
160	310439.0	692483.0
161	307230.0	696773.0
162	305283.0	700410.0
163	302009.0	704551.0
164	299073.0	708379.0
165	296417.0	712268.0
166	294384.0	715879.0
167	291336.0	717547.0
168	289293.0	722605.0
169	286477.0	724792.0
170	283677.0	728682.0
171	280902.0	731612.0
172	279018.0	734913.0
173	276097.0	736259.0
174	274182.0	739476.0
175	271066.0	742925.0
176	268926.0	745836.0
177	267437.0	748524.0
178	264978.0	751046.0
179	262314.0	753011.0
180	260292.0	755472.0
181	257683.0	757862.0
182	255434.0	760698.0
183	252841.0	763178.0
184	251374.0	764575.0
185	249186.0	766719.0
186	246878.0	767948.0
187	244874.0	770181.0
188	242759.0	770898.0
189	241554.0	773942.0
190	239280.0	775192.0
191	236906.0	775901.0
192	235264.0	777769.0
193	233209.0	778055.0
194	231278.0	779646.0
195	228959.0	782403.0
196	227233.0	783508.0
197	225715.0	783241.0
198	223773.0	784859.0
199	221593.0	785843.0
200	220006.0	787606.0
201	218768.0	788149.0
202	215875.0	788366.0
203	215388.0	788142.0
204	212876.0	788448.0
205	211698.0	789312.0
206	210429.0	789677.0
207	208068.0	789804.0
208	207154.0	790792.0
209	205307.0	789998.0
210	203705.0	790074.0
211	202769.0	790556.0
212	200930.0	790449.0
213	198760.0	791372.0
214	198021.0	790818.0
215	195332.0	791570.0
216	195000.0	790522.0
217	192973.0	789060.0
218	192116.0	790345.0
219	189967.0	789327.0
220	188280.0	789201.0
221	187401.0	788478.0
222	186013.0	789775.0
223	184855.0	788060.0
224	183688.0	786395.0
225	182349.0	786332.0
226	180933.0	785514.0
227	179236.0	785285.0
228	178442.0	784459.0
229	176413.0	783538.0
230	175629.0	782695.0
231	174013.0	780379.0
232	173172.0	780468.0
233	171670.0	780236.0
234	170679.0	777565.0
235	169453.0	776730.0
236	168197.0	775312.0
237	167465.0	774396.0
238	166207.0	773755.0
239	165647.0	771586.0
240	163676.0	770422.0
241	162467.0	770057.0
242	161071.0	767758.0
243	160193.0	767043.0
244	160030.0	764809.0
245	158419.0	763348.0
246	156891.0	761296.0
247	156614.0	762046.0
248	155511.0	759397.0
249	154298.0	757122.0
250	153360.0	753864.0
251	152044.0	752916.0
252	150912.0	749804.0
253	150408.0	749117.0
254	149730.0	747233.0
255	148444.0	744903.0
256	147021.0	743628.0
257	146636.0	741984.0
258	145723.0	739864.0
259	144893.0	737888.0
260	143538.0	737128.0
261	143008.0	733380.0
262	142070.0	732434.0
263	141084.0	729238.0
264	140380.0	726917.0
265	139905.0	724201.0
266	138690.0	722546.0
267	137564.0	720563.0
268	137217.0	718170.0
269	135921.0	715712.0
270	135741.0	713746.0
271	135089.0	711805.0
272	134280.0	709171.0
273	133255.0	707147.0
274	132331.0	703806.0
275	132135.0	702640.0
276	131027.0	699840.0
277	130396.0	697626.0
278	130084.0	695067.0
279	128893.0	691830.0
280	128637.0	689732.0
281	127148.0	687351.0
282	126968.0	684410.0
283	126052.0	682692.0
284	125877.0	679104.0
285	124846.0	676568.0
286	124610.0	674698.0
287	123315.0	672124.0
288	122871.0	668862.0
289	122831.0	665275.0
290	121767.0	664346.0
291	121353.0	661232.0
292	120406.0	659226.0
293	120378.0	654893.0
294	120237.0	653168.0
295	119473.0	649948.0
296	118053.0	648031.0
297	117608.0	644834.0
298	117008.0	641996.0
299	116542.0	639919.0
300	115485.0	636914.0
301	115593.0	633725.0
302	114819.0	631082.0
303	114221.0	629470.0
304	113693.0	625381.0
305	113440.0	622411.0
306	112822.0	619736.0
307	112657.0	618379.0
308	111755.0	614497.0
309	111038.0	612507.0
310	110573.0	609019.0
311	110608.0	606227.0
312	109953.0	603518.0
313	109346.0	600545.0
314	108650.0	598190.0
315	108384.0	596191.0
316	108241.0	593166.0
317	107254.0	589529.0
318	107197.0	587553.0
319	106685.0	585275.0
320	106048.0	580995.0
321	105917.0	579121.0
322	104972.0	576846.0
323	104686.0	572741.0
324	104301.0	571540.0
325	103894.0	567878.0
326	103119.0	565040.0
327	103230.0	562282.0
328	102831.0	560135.0
329	102511.0	558197.0
330	102084.0	555451.0
331	101347.0	551383.0
332	100996.0	549584.0
333	100544.0	547521.0
334	100412.0	542672.0
335	100088.0	541127.0
336	99600.0	538357.0
337	99087.0	536087.0
338	99068.0	532727.0
339	98767.0	530431.0
340	98225.0	528928.0
341	97753.0	525967.0
342	97385.0	523665.0
343	96884.0	519613.0
344	96845.0	518318.0
345	96389.0	514726.0
346	96137.0	512346.0
347	95577.0	508996.0
348	95480.0	507208.0
349	94703.0	503924.0
350	94992.0	502283.0
351	94516.0	498808.0
352	94439.0	495859.0
353	94103.0	494305.0
354	93789.0	490964.0
355	93556.0	489004.0
356	93292.0	486573.0
357	92808.0	483416.0
358	92355.0	480889.0
359	92194.0	479013.0
360	91584.0	475433.0
361	91628.0	472616.0
362	91164.0	472231.0
363	90856.0	468499.0
364	90535.0	466641.0
365	90974.0	464172.0
366	90239.0	461801.0
367	89952.0	459612.0
368	89910.0	456141.0
369	89611.0	454053.0
370	89274.0	451888.0
371	88995.0	448910.0
372	88730.0	447157.0
373	88271.0	444384.0
374	88752.0	442188.0
375	88292.0	439538.0
376	87444.0	437483.0
377	87310.0	435791.0
378	87292.0	430610.0
379	86810.0	431371.0
380	86966.0	428022.0
381	86753.0	426827.0
382	86290.0	424226.0
383	86058.0	422610.0
384	86138.0	419860.0
385	85630.0	416710.0
386	85536.0	415171.0
387	85534.0	412780.0
388	84895.0	410156.0
389	85193.0	407558.0
390	84602.0	406059.0
391	84417.0	403223.0
392	84718.0	401494.0
393	83961.0	398754.0
394	83603.0	397505.0
395	83401.0	395319.0
396	83487.0	392802.0
397	83646.0	391221.0
398	83450.0	388368.0
399	83140.0	386848.0
400	83143.0	383922.0
401	82513.0	382192.0
402	82761.0	381222.0
403	82504.0	378054.0
404	81833.0	376403.0
405	82012.0	373729.0
406	81789.0	372742.0
407	81988.0	369729.0
408	81495.0	368444.0
409	81424.0	365258.0
410	81460.0	364871.0
411	81077.0	362209.0
412	80852.0	360417.0
413	80620.0	358053.0
414	80552.0	355529.0
415	80365.0	354556.0
416	80065.0	352555.0
417	80289.0	351178.0
418	79842.0	348519.0
419	80087.0	345757.0
420	79974.0	344125.0
421	79251.0	342394.0
422	79323.0	341072.0
423	79298.0	338892.0
424	79241.0	337114.0
425	79131.0	335509.0
426	78758.0	333116.0
427	78245.0	332156.0
428	78661.0	330413.0
429	78644.0	328236.0
430	78193.0	326788.0
431	78500.0	324948.0
432	78023.0	323788.0
433	78092.0	321401.0
434	77789.0	320574.0
435	77833.0	318184.0
436	77899.0	315852.0
437	77871.0	314597.0
438	77374.0	312429.0
439	77540.0	311676.0
440	77166.0	309184.0
441	77474.0	308409.0
442	76963.0	306163.0
443	76712.0	304882.0
444	77102.0	302420.0
445	76957.0	300629.0
446	76403.0	299740.0
447	76848.0	298322.0
448	76654.0	297402.0
449	76092.0	294671.0
450	76222.0	292527.0
451	75789.0	291333.0
452	75885.0	290329.0
453	75712.0	288363.0
454	75380.0	287316.0
455	75829.0	285553.0
456	75430.0	283908.0
457	75385.0	282161.0
458	75609.0	281033.0
459	75322.0	279252.0
460	75269.0	278010.0
461	75093.0	276692.0
462	74798.0	274214.0
463	75225.0	273554.0
464	74665.0	272638.0
465	74654.0	270263.0
466	74677.0	269903.0
467	74778.0	267729.0
468	74668.0	267572.0
469	74633.0	264189.0
470	74039.0	263310.0
471	74184.0	261976.0
472	74516.0	260728.0
473	74190.0	259235.0
474	73992.0	257592.0
475	74200.0	256469.0
476	74511.0	255092.0
477	73661.0	253833.0
478	74024.0	252084.0
479	73914.0	250778.0
480	73795.0	249936.0
481	73626.0	248387.0
482	73408.0	247857.0
483	73443.0	246296.0
484	73801.0	245290.0
485	73547.0	243789.0
486	73143.0	242349.0
487	73239.0	241571.0
488	73431.0	240048.0
489	73318.0	238614.0
490	73019.0	237126.0
491	73135.0	236575.0
492	73212.0	235011.0
493	72907.0	233713.0
494	72967.0	232800.0
495	73100.0	231284.0
496	72982.0	229565.0
497	72602.0	228607.0
498	72644.0	228239.0
499	72569.0	226425.0
500	72517.0	224987.0
501	72917.0	223992.0
502	72472.0	223356.0
503	72692.0	222015.0
504	72529.0	220940.0
505	72333.0	219878.0
506	72190.0	218908.0
507	72505.0	217723.0
508	72078.0	216762.0
509	71875.0	215428.0
510	71763.0	214416.0
511	72272.0	212945.0
512	71931.0	211942.0
513	71738.0	210430.0
514	71955.0	210061.0
515	72192.0	209722.0
516	71893.0	207556.0
517	71688.0	206613.0
518	71781.0	205266.0
519	71575.0	204967.0
520	71382.0	204695.0
521	71448.0	202988.0
522	71412.0	202124.0
523	71743.0	200584.0
524	71565.0	199945.0
525	71609.0	198727.0
526	71353.0	198220.0
527	71431.0	197250.0
528	71403.0	195601.0
529	71237.0	194541.0
530	71015.0	194149.0
531	71145.0	193052.0
532	71072.0	192245.0
533	71354.0	191109.0
534	71367.0	189996.0
535	71205.0	189100.0
536	71344.0	188658.0
537	70986.0	187722.0
538	70740.0	186607.0
539	70792.0	186213.0
540	70734.0	184387.0
541	70777.0	183968.0
542	70355.0	182796.0
543	70772.0	182689.0
544	70737.0	181985.0
545	70821.0	179739.0
546	70908.0	179881.0
547	70423.0	178562.0
548	70656.0	177851.0
549	70639.0	176568.0
550	70775.0	176060.0
551	70436.0	175384.0
552	70613.0	174756.0
553	70419.0	174324.0
554	70556.0	173565.0
555	70119.0	171825.0
556	70370.0	171187.0
557	70455.0	170415.0
558	70553.0	169766.0
559	70174.0	168744.0
560	70117.0	167930.0
561	70287.0	166991.0
562	70022.0	166824.0
563	70170.0	165594.0
564	69921.0	164809.0
565	70128.0	164122.0
566	69715.0	163556.0
567	70203.0	163030.0
568	70429.0	162968.0
569	69978.0	161442.0
570	69947.0	161166.0
571	69902.0	159952.0
572	70081.0	159309.0
573	69684.0	158282.0
574	69945.0	157885.0
575	69675.0	157385.0
576	69562.0	156737.0
577	69923.0	155588.0
578	69468.0	155232.0
579	69139.0	154423.0
580	69604.0	153649.0
581	69562.0	153628.0
582	69489.0	152465.0
583	69131.0	151693.0
584	69429.0	151453.0
585	69045.0	150522.0
586	69316.0	149605.0
587	69445.0	148990.0
588	69359.0	148436.0
589	69377.0	147684.0
590	69204.0	147946.0
591	69067.0	146921.0
592	69291.0	146900.0
593	69072.0	145699.0
594	69108.0	145225.0
595	68985.0	143327.0
596	68919.0	144161.0
597	69419.0	143075.0
598	69073.0	142712.0
599	69017.0	141977.0
600	69420.0	141435.0
601	69034.0	140824.0
602	68838.0	139968.0
603	69019.0	139229.0
604	68669.0	139104.0
605	68674.0	138280.0
606	68414.0	138130.0
607	68618.0	137517.0
608	68699.0	137341.0
609	68437.0	136978.0
610	68304.0	135750.0
611	68862.0	135672.0
612	68778.0	134762.0
613	69100.0	134464.0
614	68236.0	133623.0
615	68524.0	134182.0
616	68813.0	132551.0
617	68325.0	132202.0
618	68175.0	131378.0
619	68424.0	130485.0
620	68568.0	130548.0
621	68541.0	130552.0
622	68240.0	130142.0
623	68357.0	129579.0
624	68288.0	128690.0
625	68215.0	128452.0
626	68354.0	128235.0
627	68283.0	127141.0
628	67752.0	126768.0
629	68365.0	126651.0
630	68180.0	125773.0
631	68151.0	125171.0
632	67876.0	124716.0
633	67900.0	124631.0
634	67978.0	124419.0
635	67900.0	123962.0
636	68259.0	123521.0
637	67737.0	123375.0
638	67876.0	122151.0
639	68039.0	122243.0
640	68393.0	121714.0
641	67906.0	121227.0
642	67934.0	120608.0
643	67788.0	120191.0
644	68171.0	120156.0
645	67777.0	119455.0
646	67987.0	119705.0
647	68160.0	118806.0
648	67701.0	118372.0
649	67831.0	118139.0
650	67694.0	117300.0
651	67747.0	116919.0
652	67743.0	117028.0
653	67603.0	116376.0
654	67664.0	116136.0
655	67449.0	115910.0
656	67852.0	115584.0
657	67533.0	115271.0
658	67289.0	114702.0
659	67541.0	114412.0
660	67671.0	114200.0
661	67652.0	113658.0
662	67253.0	112617.0
663	67610.0	112802.0
664	67396.0	112365.0
665	67508.0	112370.0
666	67640.0	111861.0
667	67804.0	111549.0
668	67656.0	110917.0
669	67361.0	110917.0
670	67477.0	110680.0
671	67281.0	110604.0
672	67534.0	109625.0
673	67508.0	109742.0
674	67323.0	109537.0
675	67138.0	109088.0
676	67351.0	108113.0
677	67511.0	108002.0
678	67614.0	108114.0
679	67154.0	107635.0
680	66975.0	107235.0
681	67899.0	107162.0
682	67232.0	106722.0
683	67189.0	106704.0
684	67393.0	106096.0
685	67397.0	105656.0
686	67111.0	105917.0
687	67140.0	105537.0
688	67597.0	104963.0
689	67221.0	104965.0
690	67292.0	104370.0
691	67451.0	104509.0
692	67119.0	103946.0
693	67529.0	103596.0
694	67375.0	103188.0
695	66862.0	102970.0
696	67453.0	102778.0
697	67162.0	102492.0
698	67040.0	102479.0
699	67139.0	101888.0
700	66974.0	101532.0
701	67179.0	101811.0
702	67222.0	101228.0
703	67139.0	100909.0
704	66922.0	100781.0
705	67130.0	100189.0
706	66807.0	100030.0
707	67250.0	99924.0
708	67212.0	99324.0
709	67122.0	99515.0
710	66929.0	99255.0
711	66738.0	98614.0
712	67067.0	98844.0
713	67037.0	98676.0
714	67076.0	98369.0
715	66605.0	97813.0
716	67111.0	97885.0
717	67086.0	97664.0
718	66741.0	97207.0
719	66915.0	96511.0
720	67172.0	96533.0
721	67260.0	96397.0
722	66821.0	96467.0
723	66757.0	95940.0
724	66926.0	95778.0
725	67044.0	96569.0
726	66892.0	95429.0
727	67280.0	95705.0
728	67065.0	94706.0
729	67078.0	94624.0
730	67142.0	94973.0
731	67495.0	94443.0
732	66777.0	94321.0
733	67001.0	94223.0
734	67005.0	93919.0
735	66989.0	93810.0
736	67315.0	93397.0
737	67039.0	93243.0
738	66918.0	92946.0
739	67361.0	92982.0
740	67237.0	92310.0
741	67312.0	92557.0
742	67460.0	92335.0
743	67196.0	92252.0
744	67097.0	91661.0
745	67357.0	91408.0
746	67369.0	91147.0
747	67200.0	91025.0
748	67158.0	91107.0
749	67119.0	90977.0
750	66937.0	90480.0
751	67106.0	90682.0
752	67071.0	90052.0
753	66956.0	89482.0
754	66721.0	90252.0
755	67151.0	89661.0
756	67244.0	89707.0
757	67361.0	89719.0
758	67399.0	89637.0
759	67461.0	89112.0
760	66830.0	88967.0
761	67310.0	89190.0
762	67223.0	88400.0
763	67174.0	87928.0
764	66987.0	87794.0
765	67150.0	88010.0
766	67025.0	87773.0
767	67296.0	87538.0
768	67410.0	87481.0
769	67292.0	87325.0
770	67600.0	86962.0
771	67086.0	86470.0
772	67294.0	87477.0
773	67469.0	87116.0
774	67615.0	87022.0
775	67174.0	86453.0
776	67254.0	86564.0
777	67004.0	86183.0
778	67596.0	85865.0
779	67216.0	86024.0
780	67444.0	85587.0
781	67236.0	85656.0
782	67481.0	85421.0
783	66991.0	85124.0
784	67293.0	85369.0
785	67481.0	84833.0
786	67367.0	84573.0
787	67192.0	84352.0
788	67069.0	84202.0
789	67318.0	84116.0
790	67230.0	84238.0
791	67268.0	83733.0
792	67487.0	83572.0
793	67413.0	83767.0
794	67704.0	83302.0
795	67368.0	83456.0
796	67306.0	82976.0
797	67562.0	83279.0
798	67779.0	83384.0
799	67432.0	82980.0
800	67427.0	83031.0
801	67475.0	82521.0
802	67515.0	82801.0
803	67274.0	82752.0
804	67442.0	82324.0
805	67925.0	82335.0
806	67692.0	82289.0
807	67877.0	81915.0
808	67619.0	81359.0
809	67462.0	81581.0
810	67474.0	81324.0
811	67696.0	81369.0
812	68016.0	81352.0
813	67864.0	81039.0
814	67814.0	80935.0
815	67726.0	80982.0
816	67768.0	80765.0
817	68025.0	80324.0
818	67821.0	80750.0
819	67691.0	80263.0
820	67846.0	80483.0
821	67857.0	80214.0
822	68295.0	79783.0
823	67588.0	79702.0
824	67746.0	79681.0
825	67934.0	79862.0
826	67863.0	79940.0
827	68137.0	79429.0
828	68144.0	79054.0
829	68253.0	79041.0
830	67974.0	79039.0
831	68346.0	78766.0
832	68342.0	79025.0
833	68306.0	78662.0
834	67961.0	78739.0
835	68007.0	78277.0
836	67953.0	78524.0
837	67969.0	77964.0
838	68006.0	78264.0
839	68117.0	78136.0
840	67876.0	77829.0
841	68442.0	77378.0
842	68270.0	77848.0
843	68417.0	77637.0
844	68203.0	77472.0
845	68056.0	77217.0
846	68552.0	76832.0
847	68402.0	77020.0
848	68188.0	76936.0
849	68354.0	76769.0
850	68300.0	76932.0
851	68349.0	77040.0
852	68675.0	76802.0
853	67990.0	76168.0
854	68658.0	76479.0
855	68270.0	76018.0
856	68335.0	76540.0
857	68824.0	76555.0
858	68218.0	76063.0
859	68685.0	76212.0
860	68323.0	75995.0
861	68645.0	75750.0
862	68573.0	75562.0
863	68441.0	75459.0
864	68925.0	75724.0
865	68792.0	75536.0
866	68673.0	75437.0
867	68668.0	75120.0
868	68667.0	74996.0
869	68797.0	75108.0
870	69022.0	75052.0
871	68514.0	74977.0
872	69001.0	74969.0
873	68916.0	74561.0
874	68947.0	75035.0
875	68843.0	75014.0
876	69082.0	74501.0
877	68891.0	74442.0
878	68975.0	74748.0
879	69091.0	74527.0
880	69065.0	74336.0
881	69088.0	74325.0
882	69065.0	74320.0
883	68918.0	74347.0
884	69313.0	74156.0
885	68846.0	74122.0
886	69113.0	73810.0
887	69348.0	73670.0
888	69351.0	73888.0
889	69300.0	73621.0
890	69427.0	73771.0
891	69230.0	73995.0
892	69032.0	73385.0
893	68975.0	73763.0
894	68661.0	73662.0
895	69303.0	73564.0
896	69253.0	73275.0
897	69305.0	73169.0
898	69284.0	73253.0
899	69165.0	73522.0
900	69510.0	72663.0
901	69358.0	72758.0
902	69265.0	73298.0
903	69834.0	72939.0
904	69510.0	72710.0
905	69001.0	72576.0
906	69436.0	72820.0
907	69643.0	72602.0
908	69267.0	72685.0
909	69527.0	72806.0
910	69384.0	72825.0
911	69345.0	72627.0
912	69698.0	72620.0
913	69178.0	72195.0
914	69561.0	72389.0
915	69495.0	72250.0
916	69647.0	72382.0
917	69980.0	71976.0
918	69600.0	71554.0
919	69868.0	72178.0
920	69630.0	72222.0
921	69747.0	71989.0
922	69669.0	72108.0
923	69572.0	71918.0
924	69511.0	71667.0
925	69770.0	71874.0
926	69875.0	71826.0
927	69794.0	71602.0
928	69645.0	71637.0
929	69859.0	71364.0
930	69741.0	71819.0
931	69593.0	71306.0
932	69958.0	71314.0
933	70087.0	71255.0
934	69758.0	71484.0
935	70008.0	70986.0
936	69828.0	71128.0
937	69855.0	70782.0
938	70085.0	70847.0
939	69951.0	71115.0
940	69646.0	70958.0
941	69893.0	70985.0
942	69769.0	71037.0
943	69770.0	70966.0
944	69859.0	70987.0
945	69885.0	71064.0
946	69733.0	70669.0
947	69785.0	71093.0
948	69837.0	70872.0
949	69810.0	70682.0
950	69639.0	70674.0
951	69964.0	70949.0
952	70008.0	70682.0
953	69872.0	70690.0
954	70682.0	70440.0
955	70106.0	70791.0
956	69941.0	70660.0
957	70071.0	70394.0
958	70302.0	70142.0
959	70263.0	70266.0
960	70030.0	70432.0
961	69790.0	70456.0
962	69862.0	70359.0
963	70256.0	70413.0
964	70037.0	70102.0
965	70021.0	70083.0
966	70274.0	70244.0
967	69771.0	70045.0
968	70255.0	70033.0
969	70272.0	69930.0
970	69993.0	69971.0
971	70408.0	69833.0
972	70109.0	69945.0
973	70159.0	69894.0
974	70194.0	69512.0
975	69948.0	69663.0
976	70412.0	70146.0
977	70191.0	69930.0
978	69994.0	69872.0
979	70075.0	69743.0
980	70342.0	70025.0
981	70585.0	69922.0
982	70012.0	69832.0
983	69986.0	69606.0
984	70312.0	69807.0
985	70464.0	69573.0
986	70484.0	69706.0
987	70439.0	69780.0
988	70392.0	69518.0
989	69948.0	68932.0
990	70491.0	69440.0
991	70316.0	69485.0
992	70387.0	69391.0
993	70125.0	69640.0
994	70390.0	69586.0
995	70325.0	69392.0
996	70774.0	69608.0
997	70297.0	69333.0
998	70225.0	69590.0
999	70377.0	69220.0
1000	70558.0	69213.0
1001	70209.0	69450.0
1002	70427.0	69031.0
1003	70034.0	69352.0
1004	70526.0	69576.0
1005	70359.0	69165.0
1006	70363.0	69290.0
1007	70516.0	69323.0
1008	70386.0	69039.0
1009	70180.0	69127.0
1010	70529.0	69120.0
1011	70286.0	69056.0
1012	70016.0	69448.0
1013	70280.0	69396.0
1014	70452.0	69341.0
1015	70417.0	69243.0
1016	70567.0	69500.0
1017	70239.0	69157.0
1018	70354.0	68936.0
1019	70344.0	69193.0
1020	70264.0	69085.0
1021	70023.0	68943.0
1022	70212.0	69031.0
1023	70060.0	69084.0
1024	70253.0	69056.0
1025	69854.0	69004.0
1026	70775.0	69094.0
1027	70465.0	68913.0
1028	70766.0	69538.0
1029	69803.0	69063.0
1030	70181.0	68971.0
1031	70182.0	69084.0
1032	70105.0	69475.0
1033	70724.0	68904.0
1034	70200.0	69238.0
1035	70409.0	69070.0
1036	70353.0	68606.0
1037	70170.0	69034.0
1038	70540.0	69044.0
1039	70424.0	69230.0
1040	70711.0	69267.0
1041	70440.0	69127.0
1042	70182.0	68750.0
1043	70433.0	69004.0
1044	70416.0	69140.0
1045	70572.0	69007.0
1046	70204.0	69302.0
1047	70159.0	68757.0
1048	70285.0	69103.0
1049	70362.0	69200.0
1050	70364.0	69126.0
1051	70415.0	69287.0
1052	70415.0	69487.0
1053	70421.0	68925.0
1054	70406.0	69218.0
1055	70176.0	68911.0
1056	70363.0	69076.0
1057	70206.0	69167.0
1058	70061.0	69178.0
1059	70424.0	69066.0
1060	70089.0	69198.0
1061	70728.0	69377.0
1062	70603.0	68873.0
1063	70142.0	69281.0
1064	70142.0	69209.0
1065	69950.0	69068.0
1066	70253.0	69292.0
1067	70237.0	69319.0
1068	69873.0	68797.0
1069	70387.0	68909.0
1070	70618.0	69152.0
1071	70153.0	69467.0
1072	69926.0	69276.0
1073	70565.0	69353.0
1074	70077.0	69489.0
1075	70520.0	69056.0
1076	69988.0	69241.0
1077	70725.0	69113.0
1078	70442.0	69329.0
1079	70284.0	69147.0
1080	69933.0	69692.0
1081	70034.0	69262.0
1082	70188.0	69451.0
1083	70089.0	69328.0
1084	70386.0	69330.0
1085	69968.0	69523.0
1086	70061.0	69643.0
1087	70222.0	69599.0
1088	70078.0	69361.0
1089	70023.0	69092.0
1090	69557.0	69643.0
1091	70221.0	69281.0
1092	70281.0	69330.0
1093	69894.0	69520.0
1094	70117.0	69484.0
1095	69935.0	69494.0
1096	70126.0	69533.0
1097	70399.0	69420.0
1098	69994.0	69717.0
1099	69928.0	69605.0
1100	70150.0	69677.0
1101	70375.0	69477.0
1102	70532.0	69424.0
1103	70033.0	69718.0
1104	70431.0	69588.0
1105	69803.0	69822.0
1106	70339.0	69600.0
1107	70169.0	69982.0
1108	70221.0	69848.0
1109	70020.0	69691.0
1110	70172.0	69728.0
1111	70117.0	69622.0
1112	70002.0	69773.0
1113	70220.0	69720.0
1114	70243.0	69704.0
1115	70233.0	69753.0
1116	69892.0	69819.0
1117	70512.0	69645.0
1118	69767.0	69527.0
1119	70376.0	69856.0
1120	70159.0	69813.0
1121	70018.0	69666.0
1122	70113.0	69693.0
1123	69872.0	70039.0
1124	70139.0	70105.0
1125	69903.0	70006.0
1126	69977.0	69708.0
1127	69981.0	69970.0
1128	70253.0	70201.0
1129	69763.0	69606.0
1130	69904.0	69703.0
1131	69934.0	69633.0
1132	69924.0	70024.0
1133	70298.0	69726.0
1134	69715.0	70041.0
1135	69962.0	69690.0
1136	69922.0	69970.0
1137	69823.0	69807.0
1138	69999.0	69790.0
1139	70195.0	70074.0
1140	69752.0	70053.0
1141	69769.0	70045.0
1142	69756.0	69487.0
1143	69897.0	69749.0
1144	69775.0	69708.0
1145	69833.0	69721.0
1146	69984.0	69625.0
1147	69998.0	69818.0
1148	69914.0	69904.0
1149	69771.0	69365.0
1150	69730.0	69950.0
1151	69652.0	69484.0
1152	69693.0	69847.0
1153	69741.0	69872.0
1154	69835.0	70110.0
1155	69685.0	69646.0
1156	70068.0	69917.0
1157	69822.0	69663.0
1158	69514.0	69670.0
1159	69901.0	70042.0
1160	69533.0	69989.0
1161	70049.0	70201.0
1162	69947.0	69708.0
1163	69839.0	69851.0
1164	69624.0	70067.0
1165	69886.0	69830.0
1166	70088.0	69287.0
1167	69752.0	69832.0
1168	69914.0	69987.0
1169	70000.0	69570.0
1170	69884.0	69720.0
1171	69854.0	69556.0
1172	70003.0	69966.0
1173	69881.0	70054.0
1174	69839.0	69862.0
1175	69646.0	70027.0
1176	70203.0	69786.0
1177	69703.0	69884.0
1178	70106.0	69802.0
1179	69897.0	69843.0
1180	69909.0	70339.0
1181	69767.0	69459.0
1182	70208.0	69676.0
1183	70033.0	69622.0
1184	70090.0	69657.0
1185	70175.0	69998.0
1186	69768.0	69576.0
1187	69683.0	69892.0
1188	69913.0	69701.0
1189	70178.0	69795.0
1190	69757.0	69836.0
1191	69871.0	70045.0
1192	69996.0	70023.0
1193	69896.0	69623.0
1194	69863.0	69878.0
1195	69627.0	69742.0
1196	69453.0	69882.0
1197	69593.0	69774.0
1198	69721.0	70174.0
1199	70001.0	69932.0
1200	69808.0	70184.0
1201	69576.0	69903.0
1202	69507.0	69845.0
1203	70109.0	69959.0
1204	69257.0	69942.0
1205	69553.0	69979.0
1206	70044.0	70232.0
1207	69613.0	69863.0
1208	69373.0	70158.0
1209	69720.0	69938.0
1210	69594.0	69695.0
1211	69491.0	69803.0
1212	69451.0	69600.0
1213	69625.0	69648.0
1214	69600.0	70023.0
1215	69815.0	69760.0
1216	69706.0	69614.0
1217	69817.0	69697.0
1218	69721.0	69543.0
1219	69757.0	69923.0
1220	69110.0	69717.0
1221	69682.0	69708.0
1222	69468.0	70039.0
1223	69722.0	69980.0
1224	69609.0	69988.0
1225	69650.0	69652.0
1226	69744.0	70205.0
1227	69367.0	69663.0
1228	69665.0	69840.0
1229	69645.0	69427.0
1230	69750.0	69475.0
1231	69859.0	69687.0
1232	69906.0	69571.0
1233	69520.0	70191.0
1234	69703.0	69735.0
1235	69892.0	69474.0
1236	69804.0	69442.0
1237	69941.0	69743.0
1238	69996.0	69665.0
1239	69996.0	69785.0
1240	70186.0	70047.0
1241	69952.0	69525.0
1242	69790.0	69473.0
1243	70472.0	69339.0
1244	70034.0	69274.0
1245	70001.0	69564.0
1246	69983.0	69805.0
1247	69682.0	69702.0
1248	69176.0	69483.0
1249	70040.0	69925.0
1250	69913.0	69911.0
1251	69829.0	69735.0
1252	69944.0	69485.0
1253	70089.0	69467.0
1254	69923.0	69787.0
1255	69727.0	69747.0
1256	69738.0	69821.0
1257	69868.0	69995.0
1258	69955.0	70055.0
1259	70038.0	69332.0
1260	69863.0	69405.0
1261	69947.0	69704.0
1262	69630.0	69446.0
1263	70089.0	69659.0
1264	69817.0	69510.0
1265	70187.0	69446.0
1266	70047.0	69515.0
1267	69849.0	69447.0
1268	70090.0	69094.0
1269	69747.0	69627.0
1270	69925.0	69529.0
1271	69930.0	69676.0
1272	70203.0	69632.0
1273	69678.0	69513.0
1274	69902.0	69413.0
1275	69655.0	69174.0
1276	70130.0	69371.0
1277	69953.0	69480.0
1278	70100.0	69630.0
1279	70133.0	69458.0
1280	70019.0	69316.0
1281	70118.0	68988.0
1282	69866.0	69482.0
1283	69867.0	69227.0
1284	70024.0	69776.0
1285	69922.0	69227.0
1286	69768.0	69330.0
1287	70105.0	69273.0
1288	70082.0	69445.0
1289	70012.0	69323.0
1290	69691.0	69257.0
1291	70017.0	69408.0
1292	70294.0	69498.0
1293	70453.0	69471.0
1294	69976.0	69624.0
1295	69919.0	69461.0
1296	70212.0	69515.0
1297	70070.0	69546.0
1298	70229.0	70050.0
1299	69781.0	69531.0
1300	70299.0	69363.0
1301	69898.0	69180.0
1302	70009.0	69239.0
1303	69923.0	69391.0
1304	70067.0	69322.0
1305	70570.0	69537.0
1306	70035.0	69019.0
1307	70021.0	69012.0
1308	69916.0	69415.0
1309	70225.0	69212.0
1310	70426.0	69451.0
1311	70175.0	69358.0
1312	69702.0	69155.0
1313	69991.0	69482.0
1314	69910.0	69394.0
1315	70107.0	69554.0
1316	70239.0	69092.0
1317	69934.0	69120.0
1318	69827.0	69077.0
1319	70235.0	69380.0
1320	70080.0	69242.0
1321	70402.0	69332.0
1322	69796.0	69416.0
1323	70091.0	69326.0
1324	70023.0	69224.0
1325	70143.0	69488.0
1326	70295.0	69411.0
1327	70241.0	69159.0
1328	70266.0	69200.0
1329	69697.0	69725.0
1330	69620.0	69178.0
1331	70144.0	69784.0
1332	70680.0	69582.0
1333	70429.0	69336.0
1334	70273.0	69219.0
1335	70217.0	69219.0
1336	70091.0	69095.0
1337	70091.0	69378.0
1338	69901.0	69151.0
1339	69880.0	69329.0
1340	70402.0	69206.0
1341	70046.0	69124.0
1342	70224.0	68957.0
1343	70355.0	69491.0
1344	70359.0	69312.0
1345	70463.0	69248.0
1346	70455.0	69613.0
1347	70374.0	69348.0
1348	70366.0	69292.0
1349	70277.0	69110.0
1350	69975.0	69419.0
1351	70544.0	69177.0
1352	70514.0	69649.0
1353	70264.0	69166.0
1354	70677.0	69472.0
1355	70217.0	69502.0
1356	70075.0	69388.0
1357	70502.0	69197.0
1358	70286.0	69598.0
1359	69960.0	69362.0
1360	70229.0	69143.0
1361	69882.0	69522.0
1362	70434.0	69312.0
1363	70548.0	69717.0
1364	70520.0	69587.0
1365	70528.0	69388.0
1366	70505.0	69686.0
1367	70611.0	69289.0
1368	69964.0	69508.0
1369	70322.0	69299.0
1370	70389.0	69142.0
1371	70307.0	69483.0
1372	70598.0	69645.0
1373	70380.0	69177.0
1374	70264.0	69563.0
1375	70610.0	69241.0
1376	70481.0	69026.0
1377	70630.0	68954.0
1378	70685.0	69245.0
1379	70482.0	69288.0
1380	70592.0	69455.0
1381	70793.0	69073.0
1382	70450.0	69345.0
1383	70493.0	68936.0
1384	70493.0	69167.0
1385	70683.0	69425.0
1386	70449.0	68899.0
1387	70563.0	68944.0
1388	70369.0	69128.0
1389	70393.0	69053.0
1390	70490.0	69324.0
1391	70415.0	69084.0
1392	70156.0	68981.0
1393	70452.0	69305.0
1394	70648.0	69257.0
1395	70847.0	69103.0
1396	70490.0	69255.0
1397	70809.0	69015.0
1398	70082.0	69208.0
1399	70365.0	69390.0
1400	70787.0	69525.0
1401	70652.0	68991.0
1402	70657.0	69075.0
1403	70720.0	68930.0
1404	70461.0	68907.0
1405	70441.0	69319.0
1406	70410.0	69395.0
1407	70652.0	69054.0
1408	70536.0	68890.0
1409	70846.0	68970.0
1410	70510.0	69151.0
1411	70810.0	69342.0
1412	70602.0	69035.0
1413	70367.0	68813.0
1414	70637.0	69432.0
1415	70482.0	69176.0
1416	70361.0	69196.0
1417	70503.0	68947.0
1418	70529.0	69121.0
1419	70361.0	69074.0
1420	70287.0	68820.0
1421	70539.0	69109.0
1422	70119.0	69187.0
1423	70305.0	69226.0
1424	70244.0	68822.0
1425	70432.0	68995.0
1426	70568.0	69149.0
1427	70556.0	68893.0
1428	70059.0	69114.0
1429	70554.0	69211.0
1430	70103.0	68779.0
1431	70217.0	69327.0
1432	70555.0	68781.0
1433	70110.0	68869.0
1434	70819.0	68904.0
1435	70227.0	68831.0
1436	70437.0	69274.0
1437	70392.0	68732.0
1438	70409.0	68911.0
1439	70070.0	69322.0
1440	70390.0	69222.0
1441	70472.0	68902.0
1442	70156.0	68949.0
1443	70474.0	69028.0
1444	70610.0	68936.0
1445	70078.0	68766.0
1446	70473.0	68807.0
1447	70286.0	68744.0
1448	70213.0	68969.0
1449	70190.0	68778.0
1450	70171.0	69087.0
1451	70586.0	68954.0
1452	70227.0	68524.0
1453	70041.0	68874.0
1454	70267.0	69012.0
1455	70097.0	68964.0
1456	70291.0	68623.0
1457	70203.0	68873.0
1458	70095.0	68902.0
1459	70177.0	68632.0
1460	70495.0	69119.0
1461	70142.0	69036.0
1462	70545.0	68845.0
1463	69947.0	68865.0
1464	70236.0	68993.0
1465	70456.0	68786.0
1466	70777.0	68592.0
1467	70215.0	69002.0
1468	70254.0	68898.0
1469	70400.0	68675.0
1470	70032.0	68892.0
1471	70201.0	69160.0
1472	69868.0	69208.0
1473	70286.0	68975.0
1474	70220.0	68601.0
1475	70047.0	68820.0
1476	70427.0	68862.0
1477	69640.0	68752.0
1478	69927.0	68951.0
1479	70038.0	68659.0
1480	70081.0	68848.0
1481	69901.0	68840.0
1482	70127.0	68730.0
1483	70404.0	68977.0
1484	70080.0	69061.0
1485	70223.0	68974.0
1486	69830.0	69366.0
1487	70111.0	68924.0
1488	70341.0	68875.0
1489	70156.0	68931.0
1490	70291.0	68740.0
1491	69898.0	68799.0
1492	70054.0	68683.0
1493	69907.0	69232.0
1494	69632.0	68896.0
1495	70256.0	68864.0
1496	70401.0	69116.0
1497	70211.0	68887.0
1498	70058.0	68960.0
1499	70289.0	69079.0
1500	69768.0	68891.0
1501	69965.0	69338.0
1502	69680.0	68976.0
1503	70290.0	69009.0
1504	69931.0	69106.0
1505	70225.0	69243.0
1506	70226.0	69082.0
1507	70312.0	68788.0
1508	70129.0	68970.0
1509	69717.0	69121.0
1510	70264.0	68827.0
1511	70279.0	68867.0
1512	69961.0	68993.0
1513	70076.0	68871.0
1514	70024.0	69080.0
1515	69840.0	68953.0
1516	70161.0	68788.0
1517	70272.0	68999.0
1518	69861.0	68998.0
1519	69924.0	68853.0
1520	69737.0	69136.0
1521	69801.0	68741.0
1522	69985.0	68614.0
1523	69922.0	68598.0
1524	70157.0	68559.0
1525	69832.0	68959.0
1526	69789.0	68839.0
1527	70183.0	69089.0
1528	69950.0	68875.0
1529	69858.0	69039.0
1530	70037.0	68712.0
1531	70261.0	69098.0
1532	70105.0	69093.0
1533	69908.0	68937.0
1534	70001.0	68893.0
1535	70040.0	68981.0
1536	70223.0	69056.0
1537	70105.0	69220.0
1538	70244.0	69250.0
1539	70003.0	68713.0
1540	70249.0	68907.0
1541	69997.0	68790.0
1542	70232.0	68904.0
1543	69949.0	69060.0
1544	70082.0	69016.0
1545	69887.0	69001.0
1546	70409.0	69127.0
1547	70121.0	68911.0
1548	70103.0	69084.0
1549	70056.0	68582.0
1550	69872.0	69071.0
1551	70425.0	69055.0
1552	70521.0	68793.0
1553	70048.0	68524.0
1554	69819.0	68897.0
1555	70112.0	68586.0
1556	70306.0	68958.0
1557	69952.0	69063.0
1558	70025.0	68877.0
1559	69946.0	68991.0
1560	69745.0	68928.0
1561	70188.0	68755.0
1562	70406.0	68901.0
1563	70256.0	68641.0
1564	70000.0	68887.0
1565	70184.0	68282.0
1566	70258.0	68497.0
1567	70208.0	68718.0
1568	70164.0	68483.0
1569	70268.0	68998.0
1570	70338.0	69032.0
1571	70319.0	68953.0
1572	70211.0	68812.0
1573	70080.0	68371.0
1574	69937.0	68409.0
1575	70474.0	68631.0
1576	70344.0	68685.0
1577	70434.0	68921.0
1578	70179.0	68531.0
1579	70078.0	68889.0
1580	70295.0	68725.0
1581	70061.0	68832.0
1582	69898.0	69265.0
1583	70341.0	69093.0
1584	70165.0	68632.0
1585	69951.0	69171.0
1586	70229.0	68878.0
1587	70052.0	68781.0
1588	70220.0	68798.0
1589	70101.0	68870.0
1590	70100.0	68670.0
1591	69676.0	68707.0
1592	70247.0	68740.0
1593	70008.0	68951.0
1594	69912.0	69169.0
1595	70152.0	68662.0
1596	69816.0	68842.0
1597	70169.0	68793.0
1598	69953.0	68749.0
1599	69668.0	68832.0
1600	70357.0	68825.0
1601	69894.0	68736.0
1602	70202.0	68970.0
1603	69974.0	68748.0
1604	69931.0	68795.0
1605	70002.0	69035.0
1606	69834.0	69117.0
1607	70638.0	68992.0
1608	69992.0	68711.0
1609	70018.0	68469.0
1610	70005.0	69174.0
1611	70302.0	68817.0
1612	70062.0	69100.0
1613	70270.0	68955.0
1614	70152.0	68539.0
1615	69996.0	69025.0
1616	69870.0	69042.0
1617	70325.0	68730.0
1618	70329.0	68605.0
1619	70561.0	68902.0
1620	70318.0	68879.0
1621	70189.0	68822.0
1622	70167.0	68933.0
1623	70241.0	68812.0
1624	70147.0	68682.0
1625	70182.0	68680.0
1626	70021.0	68909.0
1627	70081.0	68659.0
1628	70367.0	68649.0
1629	70340.0	68547.0
1630	70492.0	68846.0
1631	70244.0	68762.0
1632	70213.0	68648.0
1633	70250.0	68746.0
1634	70334.0	69040.0
1635	70170.0	68510.0
1636	70551.0	69084.0
1637	70532.0	68734.0
1638	70124.0	69176.0
1639	70249.0	68392.0
1640	70562.0	68690.0
1641	70352.0	68855.0
1642	70210.0	68796.0
1643	70158.0	68532.0
1644	69863.0	68729.0
1645	70267.0	68682.0
1646	70178.0	68646.0
1647	70485.0	68839.0
1648	70321.0	68751.0
1649	69912.0	68592.0
1650	69960.0	68558.0
1651	70067.0	68725.0
1652	70039.0	68962.0
1653	70470.0	68672.0
1654	70476.0	68953.0
1655	70289.0	68546.0
1656	70435.0	68931.0
1657	70312.0	69026.0
1658	70157.0	68722.0
1659	70527.0	68867.0
1660	70196.0	68726.0
1661	70227.0	68935.0
1662	70407.0	68751.0
1663	70089.0	68896.0
1664	70623.0	68753.0
1665	70287.0	68437.0
1666	69991.0	69009.0
1667	70272.0	68785.0
1668	70209.0	68587.0
1669	70099.0	68774.0
1670	70735.0	68724.0
1671	70179.0	68725.0
1672	70493.0	68578.0
1673	70584.0	68776.0
1674	70192.0	68683.0
1675	70167.0	68767.0
1676	70494.0	68939.0
1677	70463.0	68773.0
1678	70502.0	68594.0
1679	70246.0	68369.0
1680	70290.0	68835.0
1681	70363.0	68703.0
1682	70351.0	68809.0
1683	70251.0	68980.0
1684	70374.0	69026.0
1685	70240.0	68683.0
1686	70231.0	69052.0
1687	70274.0	68949.0
1688	70612.0	68927.0
1689	70278.0	68915.0
1690	70398.0	68981.0
1691	70449.0	69163.0
1692	69946.0	68845.0
1693	69830.0	68848.0
1694	69986.0	68894.0
1695	70417.0	68447.0
1696	70329.0	68935.0
1697	70149.0	68823.0
1698	70299.0	69038.0
1699	69748.0	68901.0
1700	70294.0	68607.0
1701	70203.0	68877.0
1702	70537.0	69174.0
1703	70202.0	68846.0
1704	70316.0	68771.0
1705	70140.0	69225.0
1706	70454.0	68718.0
1707	70283.0	68889.0
1708	70039.0	69334.0
1709	70342.0	68759.0
1710	70395.0	68874.0
1711	70467.0	68785.0
1712	70247.0	68923.0
1713	70353.0	68873.0
1714	70220.0	68668.0
1715	70091.0	68857.0
1716	70396.0	68940.0
1717	70172.0	68631.0
1718	70587.0	68870.0
1719	70576.0	68976.0
1720	70103.0	69022.0
1721	69867.0	68776.0
1722	70076.0	68721.0
1723	69988.0	68777.0
1724	70201.0	68344.0
1725	70105.0	68854.0
1726	70183.0	68922.0
1727	70136.0	68653.0
1728	70059.0	68627.0
1729	70485.0	68675.0
1730	69882.0	68828.0
1731	70592.0	68966.0
1732	69964.0	68923.0
1733	70274.0	68769.0
1734	70078.0	69115.0
1735	70046.0	68933.0
1736	69934.0	68757.0
1737	70197.0	68681.0
1738	70006.0	68723.0
1739	69963.0	68922.0
1740	69557.0	69324.0
1741	69977.0	68867.0
1742	70224.0	68806.0
1743	70151.0	68961.0
1744	69865.0	68948.0
1745	70199.0	69018.0
1746	70153.0	68604.0
1747	70197.0	68690.0
1748	70103.0	68470.0
1749	70153.0	68466.0
1750	70235.0	68737.0
1751	70200.0	68641.0
1752	70255.0	68641.0
1753	69799.0	68787.0
1754	69960.0	68682.0
1755	70566.0	68811.0
1756	70060.0	69131.0
1757	69708.0	69050.0
1758	70077.0	68491.0
1759	70158.0	68657.0
1760	70153.0	68805.0
1761	70067.0	68936.0
1762	70509.0	68799.0
1763	70336.0	68316.0
1764	70418.0	69091.0
1765	70224.0	68528.0
1766	69658.0	68718.0
1767	70243.0	68711.0
1768	70115.0	68963.0
1769	69887.0	68890.0
1770	70307.0	68847.0
1771	70310.0	68732.0
1772	70572.0	68542.0
1773	70531.0	68716.0
1774	70388.0	69133.0
1775	70102.0	68816.0
1776	70409.0	68708.0
1777	70241.0	68816.0
1778	70464.0	69078.0
1779	70073.0	69057.0
1780	70535.0	69231.0
1781	70207.0	68965.0
1782	70028.0	68955.0
1783	70364.0	69029.0
1784	70080.0	69249.0
1785	70265.0	69136.0
1786	70331.0	68876.0
1787	70201.0	69153.0
1788	70119.0	68868.0
1789	70474.0	68690.0
1790	70679.0	68975.0
1791	70282.0	69259.0
1792	70148.0	69345.0
1793	71042.0	68729.0
1794	70517.0	68958.0
1795	70513.0	69043.0
1796	70338.0	69203.0
1797	70460.0	69104.0
1798	70422.0	69025.0
1799	70491.0	68701.0
1800	70401.0	69100.0
1801	70596.0	69155.0
1802	70240.0	69092.0
1803	70556.0	69104.0
1804	70467.0	68955.0
1805	70690.0	69052.0
1806	70554.0	68900.0
1807	70493.0	69176.0
1808	70519.0	69116.0
1809	70461.0	69295.0
1810	70468.0	69115.0
1811	70548.0	69564.0
1812	71037.0	68727.0
1813	70820.0	68588.0
1814	70702.0	69845.0
1815	70420.0	69423.0
1816	70726.0	69010.0
1817	70717.0	69303.0
1818	70875.0	68906.0
1819	70712.0	69287.0
1820	70867.0	68796.0
1821	70838.0	69324.0
1822	70877.0	69161.0
1823	70816.0	68899.0
1824	70976.0	68683.0
1825	70947.0	69103.0
1826	71200.0	69222.0
1827	70528.0	69152.0
1828	70985.0	68901.0
1829	70619.0	69410.0
1830	71009.0	69204.0
1831	70780.0	69055.0
1832	70899.0	68721.0
1833	71271.0	69196.0
1834	71152.0	69050.0
1835	71025.0	69000.0
1836	71018.0	69232.0
1837	70911.0	69105.0
1838	70872.0	69229.0
1839	71112.0	69149.0
1840	70995.0	69251.0
1841	70744.0	68972.0
1842	70869.0	69130.0
1843	71227.0	68936.0
1844	70928.0	69263.0
1845	71100.0	69143.0
1846	71134.0	69033.0
1847	71064.0	69173.0
1848	70804.0	68699.0
1849	70989.0	68925.0
1850	71228.0	69227.0
1851	71258.0	69068.0
1852	71253.0	69003.0
1853	71339.0	68826.0
1854	71165.0	69054.0
1855	71219.0	68966.0
1856	71196.0	69009.0
1857	71186.0	69471.0
1858	71483.0	68863.0
1859	71331.0	69199.0
1860	71089.0	68775.0
1861	71700.0	69484.0
1862	71203.0	69332.0
1863	71140.0	69062.0
1864	71210.0	69150.0
1865	71230.0	69172.0
1866	71176.0	69506.0
1867	71599.0	69148.0
1868	71386.0	69376.0
1869	71275.0	69389.0
1870	70900.0	69187.0
1871	71372.0	69060.0
1872	71048.0	69192.0
1873	71259.0	69289.0
1874	71268.0	68934.0
1875	71474.0	69109.0
1876	71255.0	69231.0
1877	71179.0	69148.0
1878	71823.0	68953.0
1879	71256.0	69073.0
1880	71583.0	69361.0
1881	71886.0	68912.0
1882	71499.0	69211.0
1883	71470.0	68853.0
1884	71829.0	69097.0
1885	71243.0	68972.0
1886	71200.0	69433.0
1887	71508.0	69105.0
1888	71429.0	68987.0
1889	71391.0	69253.0
1890	71399.0	69160.0
1891	71583.0	69324.0
1892	71589.0	69024.0
1893	71393.0	69272.0
1894	71542.0	69354.0
1895	71791.0	69287.0
1896	71513.0	69134.0
1897	71592.0	68898.0
1898	71513.0	69145.0
1899	71662.0	69291.0
1900	71889.0	69135.0
1901	71629.0	69331.0
1902	71112.0	69175.0
1903	71612.0	69150.0
1904	71155.0	69198.0
1905	71070.0	69046.0
1906	71711.0	69419.0
1907	71377.0	69120.0
1908	71230.0	69225.0
1909	71451.0	69036.0
1910	71380.0	69407.0
1911	71451.0	69105.0
1912	71334.0	69291.0
1913	71575.0	69303.0
1914	71460.0	69326.0
1915	71508.0	69251.0
1916	71783.0	69023.0
1917	71555.0	69372.0
1918	71632.0	68907.0
1919	71454.0	69008.0
1920	71519.0	68929.0
1921	71434.0	69164.0
1922	71420.0	69313.0
1923	71501.0	69183.0
1924	71497.0	69205.0
1925	71059.0	69252.0
1926	70985.0	69293.0
1927	70951.0	68852.0
1928	71650.0	69143.0
1929	70970.0	69109.0
1930	71595.0	68694.0
1931	71712.0	69476.0
1932	71367.0	69176.0
1933	71682.0	69399.0
1934	71592.0	69154.0
1935	71273.0	69137.0
1936	71564.0	69175.0
1937	71425.0	69364.0
1938	71659.0	69117.0
1939	71218.0	68987.0
1940	71023.0	69369.0
1941	71460.0	68921.0
1942	71096.0	69784.0
1943	71217.0	69428.0
1944	71503.0	69190.0
1945	71047.0	68952.0
1946	71219.0	69291.0
1947	71408.0	69342.0
1948	71633.0	69118.0
1949	71227.0	68936.0
1950	71628.0	69128.0
1951	71615.0	69134.0
1952	71153.0	69078.0
1953	71222.0	69068.0
1954	71590.0	69103.0
1955	71374.0	69426.0
1956	71592.0	69643.0
1957	71108.0	69249.0
1958	71617.0	69076.0
1959	71307.0	69041.0
1960	71480.0	69288.0
1961	71418.0	68832.0
1962	71457.0	69143.0
1963	71042.0	69214.0
1964	70874.0	69255.0
1965	71313.0	68990.0
1966	71409.0	69210.0
1967	71097.0	69046.0
1968	71276.0	69257.0
1969	71194.0	69472.0
1970	71049.0	69067.0
1971	71022.0	68648.0
1972	70936.0	69215.0
1973	71029.0	69050.0
1974	71285.0	69016.0
1975	71321.0	69259.0
1976	71114.0	69250.0
1977	70842.0	69374.0
1978	70852.0	69196.0
1979	70748.0	69093.0
1980	70954.0	69408.0
1981	71056.0	69313.0
1982	70706.0	69292.0
1983	70690.0	69419.0
1984	71021.0	69410.0
1985	70842.0	69215.0
1986	71109.0	69432.0
1987	71112.0	68991.0
1988	70971.0	69478.0
1989	71122.0	69500.0
1990	71067.0	69178.0
1991	70930.0	69299.0
1992	70851.0	69388.0
1993	70860.0	69457.0
1994	71171.0	69322.0
1995	70706.0	69229.0
1996	70541.0	69590.0
1997	70714.0	69515.0
1998	71254.0	69029.0
1999	70995.0	68957.0
