FullModel=true
Resolution=	5000000
TotalRegions=	633
TotalModelReads=	32271464936.551819
ModelError=	5.923900

Sizechr1	249224722
Sizechr2	243185717
Sizechr3	197906077
Sizechr4	191033848
Sizechr5	180781525
Sizechr6	171046482
Sizechr7	159125241
Sizechr8	146299692
Sizechr9	141148936
Sizechr10	135503977
Sizechr11	134944579
Sizechr12	133837854
Sizechr13	115109494
Sizechr14	107289472
Sizechr15	102515289
Sizechr16	90281844
Sizechr17	81188411
Sizechr18	78010345
Sizechr19	59098092
Sizechr20	62964200
Sizechr21	48103900
Sizechr22	51230091
SizechrX	155244157
SizechrY	59029712
SizechrM	16517
Sizegenome	3094120174

Interchr1	3.919446e-04	0.951615
Interchr2	2.877429e-04	0.774007
Interchr3	3.458776e-04	0.812134
Interchr4	3.004305e-04	0.756946
Interchr5	3.127601e-04	0.724981
Interchr6	3.537642e-04	0.821510
Interchr7	3.585712e-04	0.823783
Interchr8	3.402677e-04	0.852002
Interchr9	4.084916e-04	0.824680
Interchr10	3.980641e-04	0.742260
Interchr11	4.062656e-04	0.990047
Interchr12	3.766416e-04	0.667053
Interchr13	3.823332e-04	0.831861
Interchr14	3.860954e-04	0.681974
Interchr15	4.701750e-04	0.858682
Interchr16	5.276965e-04	0.881076
Interchr17	5.190521e-04	1.087019
Interchr18	3.920744e-04	0.944929
Interchr19	5.004693e-04	1.576746
Interchr20	5.186244e-04	1.039605
Interchr21	5.236386e-04	1.090961
Interchr22	5.963016e-04	1.453976
InterchrX	2.693604e-04	0.937343
InterchrY	0.000000e+00	1.000000
InterchrM	9.305358e-04	2.972736
Intergenome	3.735799e-04	0.856846

Index	Distance	Expected Interaction Frequency	Obs/Exp Signal Std	chr1	chr1 Signal Std 	chr2	chr2 Signal Std 	chr3	chr3 Signal Std 	chr4	chr4 Signal Std 	chr5	chr5 Signal Std 	chr6	chr6 Signal Std 	chr7	chr7 Signal Std 	chr8	chr8 Signal Std 	chr9	chr9 Signal Std 	chr10	chr10 Signal Std 	chr11	chr11 Signal Std 	chr12	chr12 Signal Std 	chr13	chr13 Signal Std 	chr14	chr14 Signal Std 	chr15	chr15 Signal Std 	chr16	chr16 Signal Std 	chr17	chr17 Signal Std 	chr18	chr18 Signal Std 	chr19	chr19 Signal Std 	chr20	chr20 Signal Std 	chr21	chr21 Signal Std 	chr22	chr22 Signal Std 	chrX	chrX Signal Std 	chrY	chrY Signal Std 	chrM	chrM Signal Std 
0	0	4.302865e-01	0.266074	4.075058e-01	0.305473	4.563978e-01	0.124498	3.789348e-01	0.182484	6.052828e-01	0.272466	4.399988e-01	0.121488	4.784661e-01	0.155846	4.323250e-01	0.338582	3.297970e-01	0.143216	4.568631e-01	0.151854	5.263387e-01	0.196316	5.892659e-01	0.297924	4.454381e-01	0.123381	5.521341e-01	0.238873	3.683083e-01	0.186361	3.977171e-01	0.180182	4.682086e-01	0.264173	3.284485e-01	0.259769	6.838348e-01	0.598605	1.004693e+00	1.470152	1.944457e-01	0.311336	5.201109e-01	0.601497	1.005716e+00	1.287207	6.438186e-01	0.441196	0.000000e+00	0.000000	5.276114e+00	6.955330
1	5000000	4.186884e-02	0.560743	3.870421e-02	0.620501	4.362391e-02	0.406834	3.744634e-02	0.447564	5.867863e-02	0.491324	4.182549e-02	0.459349	4.396446e-02	0.374228	4.226863e-02	0.528343	3.353220e-02	0.374539	4.235679e-02	0.515944	4.684818e-02	0.540903	5.628942e-02	0.586602	3.861680e-02	0.410430	5.580022e-02	0.447754	3.121967e-02	0.617585	3.433865e-02	0.561997	4.051278e-02	0.916624	2.712115e-02	0.810189	6.868565e-02	0.753927	6.436286e-02	1.964918	2.710734e-02	1.014617	4.494605e-02	1.103256	7.520022e-02	1.700617	7.141559e-02	0.479167	0.000000e+00	0.000000	0.000000e+00	0.000000
2	10000000	1.319633e-02	0.713145	1.151454e-02	0.851680	1.442287e-02	0.485180	1.185139e-02	0.536581	2.023878e-02	0.522280	1.334597e-02	0.604891	1.309800e-02	0.745110	1.375409e-02	0.638714	1.119903e-02	0.625243	1.275474e-02	0.728103	1.494186e-02	0.561527	1.652442e-02	1.008740	1.209610e-02	0.523368	1.746065e-02	0.522387	1.007985e-02	0.599429	1.018610e-02	0.747171	1.430423e-02	0.738906	5.995729e-03	1.637055	2.504031e-02	0.984261	1.868266e-02	2.421682	6.815304e-03	0.597419	1.268993e-02	1.478156	2.110468e-02	2.029001	2.665900e-02	0.564679	0.000000e+00	0.000000	0.000000e+00	0.000000
3	15000000	9.536697e-03	0.825707	8.039069e-03	1.018909	9.900527e-03	0.485327	8.581650e-03	0.599052	1.281639e-02	0.509926	9.098870e-03	0.616866	9.111283e-03	1.158243	9.395833e-03	0.756109	8.135068e-03	0.637809	9.634718e-03	0.842143	9.867182e-03	0.706217	1.200945e-02	1.318252	8.860721e-03	0.503311	1.289303e-02	0.607046	7.490710e-03	0.726117	6.268929e-03	1.081464	1.079529e-02	0.796573	7.124643e-03	1.558675	1.723842e-02	0.912274	2.009558e-02	2.349284	6.384038e-03	0.739600	7.365271e-03	2.095602	1.557953e-02	2.193719	2.214796e-02	0.771518	0.000000e+00	0.000000	0.000000e+00	0.000000
4	20000000	7.857336e-03	0.884517	7.265348e-03	0.791954	8.229807e-03	0.535520	6.745457e-03	0.796591	1.078135e-02	0.584856	7.706938e-03	0.676036	7.240938e-03	1.279773	7.559546e-03	0.917700	7.034647e-03	0.823274	7.440753e-03	0.834065	8.915710e-03	0.639590	9.406519e-03	1.416067	6.342728e-03	0.597957	1.038588e-02	0.580330	6.637274e-03	0.735434	4.857033e-03	1.235353	1.043133e-02	1.028777	6.456152e-03	1.177382	1.357284e-02	0.836518	1.282642e-02	2.563492	4.078594e-03	1.393154	3.807714e-03	2.372113	1.443444e-02	2.492823	1.793661e-02	0.729202	0.000000e+00	0.000000	0.000000e+00	0.000000
5	25000000	6.490127e-03	0.922969	5.860990e-03	0.851428	7.309729e-03	0.440771	5.214300e-03	0.834791	8.924138e-03	0.611771	6.449556e-03	0.608254	6.209263e-03	1.403364	6.351059e-03	0.988097	5.696212e-03	0.811796	6.272514e-03	0.854876	8.012979e-03	0.747084	7.669570e-03	1.508686	5.139904e-03	0.632174	9.023546e-03	0.720655	5.762599e-03	0.629433	4.126356e-03	1.104188	6.437235e-03	1.171436	3.856179e-03	1.930152	1.297079e-02	0.801776	1.280745e-02	2.762601	2.060762e-03	1.375052	2.466562e-03	2.671979	1.287062e-02	3.301835	1.510141e-02	0.703046	0.000000e+00	0.000000	0.000000e+00	0.000000
6	30000000	5.733092e-03	0.929136	4.532791e-03	0.974836	6.585104e-03	0.581160	4.341206e-03	0.852695	7.869682e-03	0.638271	5.655646e-03	0.600706	5.318429e-03	1.353568	5.399452e-03	1.095295	4.925856e-03	0.817561	6.755135e-03	0.917689	6.549135e-03	0.701451	6.729914e-03	1.458278	4.721741e-03	0.734359	7.989534e-03	0.571053	5.254120e-03	0.489171	3.416173e-03	1.150228	5.812159e-03	1.074997	4.736842e-03	2.028719	1.189800e-02	0.675548	2.229355e-02	2.122431	1.991443e-03	1.288122	2.154655e-03	4.394552	1.013364e-02	3.969134	1.378641e-02	0.716610	0.000000e+00	0.000000	0.000000e+00	0.000000
7	35000000	4.866371e-03	0.933748	3.566169e-03	1.090583	5.364877e-03	0.460935	3.957632e-03	0.797041	6.846866e-03	0.600254	5.146005e-03	0.542298	4.465431e-03	1.355052	4.687295e-03	1.195468	3.794756e-03	0.819970	5.878535e-03	0.815786	5.281038e-03	0.826250	5.996935e-03	1.544132	4.167326e-03	0.678130	6.637985e-03	0.600562	5.584765e-03	0.634016	2.783628e-03	1.178805	3.682608e-03	1.343958	4.515624e-03	0.991757	1.059299e-02	0.769225	2.197666e-02	1.709812	1.180866e-03	1.661580	2.166003e-03	7.046168	1.159743e-02	6.443790	1.187090e-02	0.828504	0.000000e+00	0.000000	0.000000e+00	0.000000
8	40000000	4.302029e-03	0.944548	3.050781e-03	1.086662	4.984401e-03	0.487624	3.392774e-03	0.813038	6.105743e-03	0.603714	4.580686e-03	0.554034	3.895850e-03	1.384114	4.081787e-03	1.021659	3.277582e-03	0.889516	5.614009e-03	0.853447	4.939447e-03	0.717019	5.393794e-03	1.858024	3.971179e-03	0.601176	5.854044e-03	0.616173	5.046373e-03	0.779844	2.537758e-03	1.187459	2.724068e-03	1.557559	5.108206e-03	1.049747	9.655325e-03	0.881736	1.853452e-02	2.407286	1.012187e-03	1.553010	0.000000e+00	0.000000	0.000000e+00	0.000000	8.642654e-03	0.808438	0.000000e+00	0.000000	0.000000e+00	0.000000
9	45000000	3.748024e-03	0.915490	2.678143e-03	1.131259	4.351031e-03	0.712031	3.023722e-03	0.839187	5.513085e-03	0.546008	3.707582e-03	0.592076	3.612783e-03	1.317612	3.449478e-03	1.026111	2.776035e-03	0.792560	5.398817e-03	0.776236	4.710552e-03	0.706276	3.801164e-03	1.688088	3.916130e-03	0.461088	5.202661e-03	0.564714	3.444316e-03	0.642434	2.235712e-03	1.308359	2.585564e-03	1.469288	3.815508e-03	0.855428	7.992425e-03	0.834489	1.840774e-02	2.352116	1.225783e-03	1.122280	0.000000e+00	0.000000	0.000000e+00	0.000000	7.825555e-03	0.883411	0.000000e+00	0.000000	0.000000e+00	0.000000
10	50000000	3.467897e-03	0.921144	2.587147e-03	1.211116	3.968129e-03	0.546338	3.129183e-03	0.832037	5.093497e-03	0.575902	3.243372e-03	0.581320	3.193501e-03	1.327545	3.075115e-03	1.060189	2.677392e-03	0.964794	3.234023e-03	1.061761	4.213302e-03	0.543803	3.691115e-03	1.355434	3.717130e-03	0.529802	4.304042e-03	0.637402	3.841457e-03	0.526892	2.581652e-03	1.214569	1.931666e-03	1.368368	2.008637e-03	1.328934	6.187449e-03	1.209258	1.253850e-02	3.519249	9.623762e-04	1.291417	0.000000e+00	0.000000	0.000000e+00	0.000000	8.002269e-03	0.857989	0.000000e+00	0.000000	0.000000e+00	0.000000
11	55000000	3.180000e-03	0.922270	2.255699e-03	1.276132	3.189991e-03	0.632634	2.818285e-03	0.773816	4.428091e-03	0.624061	3.119756e-03	0.562054	2.833997e-03	1.313096	2.698794e-03	1.008855	2.517565e-03	1.056931	3.148673e-03	1.240131	3.785660e-03	0.611696	3.353034e-03	1.023524	3.724949e-03	0.685843	4.010724e-03	0.820566	3.742352e-03	0.765847	2.506357e-03	1.259020	2.217371e-03	1.046986	3.382886e-03	0.822170	6.611155e-03	0.940839	5.710922e-03	5.445587	9.908158e-04	1.826097	0.000000e+00	0.000000	0.000000e+00	0.000000	7.177513e-03	0.743001	0.000000e+00	0.000000	0.000000e+00	0.000000
12	60000000	2.851184e-03	0.914150	2.031498e-03	1.268481	3.174468e-03	0.539145	2.451941e-03	0.749115	3.851477e-03	0.511177	2.818022e-03	0.637269	2.464344e-03	1.325615	2.307664e-03	1.087811	2.350467e-03	1.131141	3.223929e-03	1.147798	3.009457e-03	0.566705	2.839663e-03	1.103346	3.079170e-03	0.630856	3.448551e-03	0.658127	3.639105e-03	0.761792	3.145974e-03	1.045021	1.437748e-03	1.397255	2.530811e-03	0.808461	8.300267e-03	1.035246	0.000000e+00	0.000000	1.721185e-03	1.918360	0.000000e+00	0.000000	0.000000e+00	0.000000	5.975750e-03	0.686734	0.000000e+00	0.000000	0.000000e+00	0.000000
13	65000000	2.622112e-03	0.873923	1.736426e-03	1.154935	2.980924e-03	0.493829	2.314535e-03	0.754050	3.462897e-03	0.597930	2.596994e-03	0.643127	2.249700e-03	1.276161	1.982777e-03	1.090692	1.821636e-03	1.159192	2.802593e-03	0.986352	3.148620e-03	0.522836	3.402126e-03	0.903168	3.089440e-03	0.589608	3.694885e-03	0.593467	3.056548e-03	0.654381	3.157865e-03	0.921289	1.919678e-03	0.830710	2.411965e-03	1.450392	5.998409e-03	0.852372	0.000000e+00	0.000000	0.000000e+00	0.000000	0.000000e+00	0.000000	0.000000e+00	0.000000	5.184410e-03	0.731452	0.000000e+00	0.000000	0.000000e+00	0.000000
14	70000000	2.438791e-03	0.879051	1.571196e-03	1.162643	2.625886e-03	0.540722	2.229530e-03	0.734462	3.065496e-03	0.522193	2.398779e-03	0.547217	2.087103e-03	1.184224	1.696714e-03	1.153969	1.698997e-03	1.262273	2.577878e-03	0.956797	3.228328e-03	0.361687	4.252806e-03	0.888170	2.784382e-03	0.791704	3.592614e-03	0.510802	3.559360e-03	0.793370	3.433336e-03	0.730225	1.795494e-03	0.778774	3.602044e-03	1.746564	7.092637e-03	0.779304	0.000000e+00	0.000000	0.000000e+00	0.000000	0.000000e+00	0.000000	0.000000e+00	0.000000	4.133595e-03	0.854596	0.000000e+00	0.000000	0.000000e+00	0.000000
15	75000000	2.178639e-03	0.894517	1.373407e-03	1.311983	2.488651e-03	0.642226	1.966937e-03	0.700030	2.934218e-03	0.473758	2.104158e-03	0.485362	1.869025e-03	1.195172	1.490815e-03	1.253883	1.805593e-03	1.223238	2.357566e-03	0.443606	2.811248e-03	0.400446	3.575474e-03	0.682784	2.275795e-03	0.671274	3.005074e-03	0.717352	2.681198e-03	0.981085	3.115293e-03	1.227818	2.109447e-03	1.098610	6.218907e-03	1.191127	7.688733e-03	1.385661	0.000000e+00	0.000000	0.000000e+00	0.000000	0.000000e+00	0.000000	0.000000e+00	0.000000	3.509579e-03	0.840210	0.000000e+00	0.000000	0.000000e+00	0.000000
16	80000000	1.919039e-03	0.906989	1.346737e-03	1.257163	2.016484e-03	0.595824	1.746885e-03	0.734409	2.464605e-03	0.603299	1.887679e-03	0.450107	1.772727e-03	1.146661	1.350568e-03	1.240825	1.508416e-03	1.470473	2.374471e-03	0.502924	2.339987e-03	0.429992	3.160228e-03	0.614694	1.836340e-03	0.694008	3.304285e-03	0.722368	5.106401e-03	1.292571	3.201738e-03	2.194426	1.090423e-03	1.531775	1.132607e-02	1.651128	0.000000e+00	0.000000	0.000000e+00	0.000000	0.000000e+00	0.000000	0.000000e+00	0.000000	0.000000e+00	0.000000	3.336750e-03	0.693713	0.000000e+00	0.000000	0.000000e+00	0.000000
17	85000000	1.782534e-03	0.879478	1.290084e-03	1.053053	1.858748e-03	0.504867	1.489226e-03	0.697060	2.508988e-03	0.514295	1.633782e-03	0.610087	1.585824e-03	1.223939	1.253541e-03	1.207388	1.260236e-03	1.603071	2.275933e-03	0.382115	2.146390e-03	0.471058	3.064046e-03	0.493054	2.274469e-03	0.851207	3.576346e-03	0.742550	8.654330e-03	0.713078	0.000000e+00	0.000000	6.084613e-03	0.382844	0.000000e+00	0.000000	0.000000e+00	0.000000	0.000000e+00	0.000000	0.000000e+00	0.000000	0.000000e+00	0.000000	0.000000e+00	0.000000	3.183140e-03	0.725508	0.000000e+00	0.000000	0.000000e+00	0.000000
18	90000000	1.620737e-03	0.886115	1.320930e-03	1.098759	1.747961e-03	0.661109	1.249938e-03	0.578331	2.116228e-03	0.619599	1.580767e-03	0.658287	1.460299e-03	1.301771	1.054881e-03	1.116632	9.359986e-04	1.625407	2.601343e-03	0.391018	2.003671e-03	0.272170	3.084048e-03	0.696619	2.282879e-03	0.436079	3.206964e-03	1.477800	0.000000e+00	0.000000	0.000000e+00	0.000000	0.000000e+00	0.000000	0.000000e+00	0.000000	0.000000e+00	0.000000	0.000000e+00	0.000000	0.000000e+00	0.000000	0.000000e+00	0.000000	0.000000e+00	0.000000	2.602391e-03	0.736402	0.000000e+00	0.000000	0.000000e+00	0.000000
19	95000000	1.525414e-03	0.885486	1.036514e-03	1.154642	1.596451e-03	0.618899	1.196620e-03	0.701284	2.179282e-03	0.650703	1.624674e-03	0.717221	1.555665e-03	1.259336	9.173791e-04	1.059296	8.292019e-04	1.576474	2.553014e-03	0.503016	2.195358e-03	0.333334	2.593636e-03	0.551624	1.823088e-03	0.439396	2.864212e-03	4.637628	0.000000e+00	0.000000	0.000000e+00	0.000000	0.000000e+00	0.000000	0.000000e+00	0.000000	0.000000e+00	0.000000	0.000000e+00	0.000000	0.000000e+00	0.000000	0.000000e+00	0.000000	0.000000e+00	0.000000	2.293576e-03	0.679364	0.000000e+00	0.000000	0.000000e+00	0.000000
20	100000000	1.435358e-03	0.832793	1.017975e-03	0.883451	1.635839e-03	0.567622	1.070315e-03	0.815007	1.943564e-03	0.537694	1.621911e-03	0.624188	1.473253e-03	1.203794	8.936895e-04	0.981389	6.939270e-04	1.575040	2.155980e-03	0.648359	1.764038e-03	0.196223	3.031783e-03	0.429807	1.669798e-03	0.642726	0.000000e+00	0.000000	0.000000e+00	0.000000	0.000000e+00	0.000000	0.000000e+00	0.000000	0.000000e+00	0.000000	0.000000e+00	0.000000	0.000000e+00	0.000000	0.000000e+00	0.000000	0.000000e+00	0.000000	0.000000e+00	0.000000	2.081518e-03	0.733961	0.000000e+00	0.000000	0.000000e+00	0.000000
21	105000000	1.385083e-03	0.798066	1.129852e-03	0.784468	1.556517e-03	0.460228	9.532954e-04	0.722327	1.813965e-03	0.625882	1.692352e-03	0.607433	1.428406e-03	1.205914	7.839710e-04	1.063438	7.943633e-04	1.298890	1.687884e-03	1.112320	1.762535e-03	0.175543	3.479788e-03	0.469383	1.870082e-03	0.566200	0.000000e+00	0.000000	0.000000e+00	0.000000	0.000000e+00	0.000000	0.000000e+00	0.000000	0.000000e+00	0.000000	0.000000e+00	0.000000	0.000000e+00	0.000000	0.000000e+00	0.000000	0.000000e+00	0.000000	0.000000e+00	0.000000	1.782007e-03	0.695623	0.000000e+00	0.000000	0.000000e+00	0.000000
22	110000000	1.373041e-03	0.932005	1.768240e-03	1.302767	1.406350e-03	0.511065	1.091653e-03	0.865894	1.571026e-03	0.693297	1.378878e-03	0.480256	1.327032e-03	1.081487	7.098603e-04	1.291377	5.863780e-04	1.549613	1.682051e-03	1.257408	1.550119e-03	0.168451	2.833313e-03	0.442619	1.867642e-03	0.308961	0.000000e+00	0.000000	0.000000e+00	0.000000	0.000000e+00	0.000000	0.000000e+00	0.000000	0.000000e+00	0.000000	0.000000e+00	0.000000	0.000000e+00	0.000000	0.000000e+00	0.000000	0.000000e+00	0.000000	0.000000e+00	0.000000	1.747071e-03	0.495357	0.000000e+00	0.000000	0.000000e+00	0.000000
23	115000000	1.272345e-03	0.829422	1.159114e-03	0.783079	1.403983e-03	0.519552	1.128210e-03	0.859424	1.475324e-03	0.711501	1.242947e-03	0.430575	1.307568e-03	1.022405	7.310580e-04	1.164819	6.557742e-04	1.572846	1.547120e-03	1.431329	1.625244e-03	0.191703	3.265223e-03	0.259527	1.675150e-03	0.503439	0.000000e+00	0.000000	0.000000e+00	0.000000	0.000000e+00	0.000000	0.000000e+00	0.000000	0.000000e+00	0.000000	0.000000e+00	0.000000	0.000000e+00	0.000000	0.000000e+00	0.000000	0.000000e+00	0.000000	0.000000e+00	0.000000	1.877641e-03	0.601662	0.000000e+00	0.000000	0.000000e+00	0.000000
24	120000000	1.152382e-03	0.856006	1.072725e-03	0.632975	1.339944e-03	0.736458	9.092258e-04	0.792849	1.335963e-03	0.767831	1.090870e-03	0.460414	1.305572e-03	1.128458	6.128277e-04	1.415645	6.865230e-04	1.416534	1.280554e-03	1.211662	1.733971e-03	0.415570	3.437182e-03	0.562611	1.585244e-03	0.656976	0.000000e+00	0.000000	0.000000e+00	0.000000	0.000000e+00	0.000000	0.000000e+00	0.000000	0.000000e+00	0.000000	0.000000e+00	0.000000	0.000000e+00	0.000000	0.000000e+00	0.000000	0.000000e+00	0.000000	0.000000e+00	0.000000	1.636703e-03	0.771383	0.000000e+00	0.000000	0.000000e+00	0.000000
25	125000000	1.125986e-03	0.858587	1.021762e-03	0.770964	1.337013e-03	0.644439	9.185521e-04	0.717964	1.321070e-03	0.657305	9.797057e-04	0.709225	1.466572e-03	1.305249	6.861060e-04	1.147384	6.245242e-04	1.558932	1.181384e-03	1.358907	1.592691e-03	0.225635	5.117594e-03	0.608209	1.040631e-03	1.184619	0.000000e+00	0.000000	0.000000e+00	0.000000	0.000000e+00	0.000000	0.000000e+00	0.000000	0.000000e+00	0.000000	0.000000e+00	0.000000	0.000000e+00	0.000000	0.000000e+00	0.000000	0.000000e+00	0.000000	0.000000e+00	0.000000	1.353374e-03	0.757017	0.000000e+00	0.000000	0.000000e+00	0.000000
26	130000000	1.105591e-03	0.766799	1.061893e-03	0.816343	1.238596e-03	0.469584	9.545654e-04	0.586385	1.111260e-03	0.872144	9.936529e-04	0.491517	1.419482e-03	1.223182	7.821444e-04	1.066088	9.308063e-04	1.207066	9.638308e-04	1.359212	2.042623e-03	0.559205	4.498019e-03	0.992780	1.518918e-03	0.692377	0.000000e+00	0.000000	0.000000e+00	0.000000	0.000000e+00	0.000000	0.000000e+00	0.000000	0.000000e+00	0.000000	0.000000e+00	0.000000	0.000000e+00	0.000000	0.000000e+00	0.000000	0.000000e+00	0.000000	0.000000e+00	0.000000	1.260828e-03	1.044711	0.000000e+00	0.000000	0.000000e+00	0.000000
27	135000000	1.109913e-03	0.735541	1.037498e-03	0.701824	1.198329e-03	0.655625	9.223008e-04	0.369683	1.355391e-03	0.605275	1.071803e-03	0.329940	1.461170e-03	1.349699	6.694839e-04	1.294535	1.419209e-03	1.402051	1.122549e-03	1.372731	0.000000e+00	0.000000	0.000000e+00	0.000000	0.000000e+00	0.000000	0.000000e+00	0.000000	0.000000e+00	0.000000	0.000000e+00	0.000000	0.000000e+00	0.000000	0.000000e+00	0.000000	0.000000e+00	0.000000	0.000000e+00	0.000000	0.000000e+00	0.000000	0.000000e+00	0.000000	0.000000e+00	0.000000	1.596303e-03	0.857079	0.000000e+00	0.000000	0.000000e+00	0.000000
28	140000000	1.029357e-03	0.752951	1.008534e-03	0.586845	1.121389e-03	0.604051	8.667769e-04	0.329277	1.106353e-03	0.775022	9.979676e-04	0.386753	1.368059e-03	1.555894	6.099272e-04	1.589998	7.691554e-04	1.955780	1.105644e-03	3.487040	0.000000e+00	0.000000	0.000000e+00	0.000000	0.000000e+00	0.000000	0.000000e+00	0.000000	0.000000e+00	0.000000	0.000000e+00	0.000000	0.000000e+00	0.000000	0.000000e+00	0.000000	0.000000e+00	0.000000	0.000000e+00	0.000000	0.000000e+00	0.000000	0.000000e+00	0.000000	0.000000e+00	0.000000	1.770577e-03	0.842353	0.000000e+00	0.000000	0.000000e+00	0.000000
29	145000000	1.016751e-03	0.791704	9.395075e-04	0.772048	1.230186e-03	0.494348	8.587238e-04	0.232875	1.185864e-03	0.738485	8.273036e-04	0.890825	1.182382e-03	1.633397	6.468475e-04	1.638511	1.395095e-04	6.543378	0.000000e+00	0.000000	0.000000e+00	0.000000	0.000000e+00	0.000000	0.000000e+00	0.000000	0.000000e+00	0.000000	0.000000e+00	0.000000	0.000000e+00	0.000000	0.000000e+00	0.000000	0.000000e+00	0.000000	0.000000e+00	0.000000	0.000000e+00	0.000000	0.000000e+00	0.000000	0.000000e+00	0.000000	0.000000e+00	0.000000	1.888815e-03	1.005429	0.000000e+00	0.000000	0.000000e+00	0.000000
30	150000000	9.523005e-04	0.785380	9.373954e-04	0.925345	1.064514e-03	0.391046	8.503275e-04	0.307547	1.003718e-03	0.921730	8.109894e-04	0.669632	1.043360e-03	2.198721	1.014020e-03	1.111924	0.000000e+00	0.000000	0.000000e+00	0.000000	0.000000e+00	0.000000	0.000000e+00	0.000000	0.000000e+00	0.000000	0.000000e+00	0.000000	0.000000e+00	0.000000	0.000000e+00	0.000000	0.000000e+00	0.000000	0.000000e+00	0.000000	0.000000e+00	0.000000	0.000000e+00	0.000000	0.000000e+00	0.000000	0.000000e+00	0.000000	0.000000e+00	0.000000	1.834903e-03	2.388534	0.000000e+00	0.000000	0.000000e+00	0.000000
31	155000000	8.892506e-04	0.833895	8.994714e-04	1.017017	9.986173e-04	0.721557	6.975372e-04	0.433215	1.073580e-03	1.020986	9.216801e-04	0.623244	5.414451e-04	2.053324	1.457967e-03	1.050343	0.000000e+00	0.000000	0.000000e+00	0.000000	0.000000e+00	0.000000	0.000000e+00	0.000000	0.000000e+00	0.000000	0.000000e+00	0.000000	0.000000e+00	0.000000	0.000000e+00	0.000000	0.000000e+00	0.000000	0.000000e+00	0.000000	0.000000e+00	0.000000	0.000000e+00	0.000000	0.000000e+00	0.000000	0.000000e+00	0.000000	0.000000e+00	0.000000	0.000000e+00	0.000000	0.000000e+00	0.000000	0.000000e+00	0.000000
32	160000000	8.949878e-04	0.884861	8.891034e-04	1.024917	1.046230e-03	0.812218	6.698436e-04	0.531814	9.674237e-04	1.165257	9.909437e-04	0.675082	5.726137e-04	2.231090	0.000000e+00	0.000000	0.000000e+00	0.000000	0.000000e+00	0.000000	0.000000e+00	0.000000	0.000000e+00	0.000000	0.000000e+00	0.000000	0.000000e+00	0.000000	0.000000e+00	0.000000	0.000000e+00	0.000000	0.000000e+00	0.000000	0.000000e+00	0.000000	0.000000e+00	0.000000	0.000000e+00	0.000000	0.000000e+00	0.000000	0.000000e+00	0.000000	0.000000e+00	0.000000	0.000000e+00	0.000000	0.000000e+00	0.000000	0.000000e+00	0.000000
33	165000000	9.067606e-04	0.869593	8.887143e-04	1.021080	1.133958e-03	0.651712	6.677479e-04	0.432053	9.367954e-04	1.505344	6.996659e-04	1.214213	7.193099e-04	2.246217	0.000000e+00	0.000000	0.000000e+00	0.000000	0.000000e+00	0.000000	0.000000e+00	0.000000	0.000000e+00	0.000000	0.000000e+00	0.000000	0.000000e+00	0.000000	0.000000e+00	0.000000	0.000000e+00	0.000000	0.000000e+00	0.000000	0.000000e+00	0.000000	0.000000e+00	0.000000	0.000000e+00	0.000000	0.000000e+00	0.000000	0.000000e+00	0.000000	0.000000e+00	0.000000	0.000000e+00	0.000000	0.000000e+00	0.000000	0.000000e+00	0.000000
34	170000000	8.787146e-04	0.967367	8.849416e-04	1.352775	1.027835e-03	0.358073	5.998766e-04	0.990413	1.070662e-03	1.373503	7.793932e-04	1.134806	2.456767e-03	1.852794	0.000000e+00	0.000000	0.000000e+00	0.000000	0.000000e+00	0.000000	0.000000e+00	0.000000	0.000000e+00	0.000000	0.000000e+00	0.000000	0.000000e+00	0.000000	0.000000e+00	0.000000	0.000000e+00	0.000000	0.000000e+00	0.000000	0.000000e+00	0.000000	0.000000e+00	0.000000	0.000000e+00	0.000000	0.000000e+00	0.000000	0.000000e+00	0.000000	0.000000e+00	0.000000	0.000000e+00	0.000000	0.000000e+00	0.000000	0.000000e+00	0.000000
35	175000000	9.751311e-04	0.990294	9.607228e-04	1.348328	1.151904e-03	0.481803	6.328359e-04	0.970370	1.235440e-03	1.507966	9.972353e-04	1.772111	0.000000e+00	0.000000	0.000000e+00	0.000000	0.000000e+00	0.000000	0.000000e+00	0.000000	0.000000e+00	0.000000	0.000000e+00	0.000000	0.000000e+00	0.000000	0.000000e+00	0.000000	0.000000e+00	0.000000	0.000000e+00	0.000000	0.000000e+00	0.000000	0.000000e+00	0.000000	0.000000e+00	0.000000	0.000000e+00	0.000000	0.000000e+00	0.000000	0.000000e+00	0.000000	0.000000e+00	0.000000	0.000000e+00	0.000000	0.000000e+00	0.000000	0.000000e+00	0.000000
36	180000000	9.454891e-04	0.941341	9.910662e-04	1.267598	1.030683e-03	0.495986	6.164955e-04	0.936485	1.465359e-03	2.002164	2.428868e-03	2.246542	0.000000e+00	0.000000	0.000000e+00	0.000000	0.000000e+00	0.000000	0.000000e+00	0.000000	0.000000e+00	0.000000	0.000000e+00	0.000000	0.000000e+00	0.000000	0.000000e+00	0.000000	0.000000e+00	0.000000	0.000000e+00	0.000000	0.000000e+00	0.000000	0.000000e+00	0.000000	0.000000e+00	0.000000	0.000000e+00	0.000000	0.000000e+00	0.000000	0.000000e+00	0.000000	0.000000e+00	0.000000	0.000000e+00	0.000000	0.000000e+00	0.000000	0.000000e+00	0.000000
37	185000000	9.311476e-04	0.931414	1.051379e-03	1.180048	9.134734e-04	0.781718	7.306746e-04	0.555220	1.436573e-03	2.411274	0.000000e+00	0.000000	0.000000e+00	0.000000	0.000000e+00	0.000000	0.000000e+00	0.000000	0.000000e+00	0.000000	0.000000e+00	0.000000	0.000000e+00	0.000000	0.000000e+00	0.000000	0.000000e+00	0.000000	0.000000e+00	0.000000	0.000000e+00	0.000000	0.000000e+00	0.000000	0.000000e+00	0.000000	0.000000e+00	0.000000	0.000000e+00	0.000000	0.000000e+00	0.000000	0.000000e+00	0.000000	0.000000e+00	0.000000	0.000000e+00	0.000000	0.000000e+00	0.000000	0.000000e+00	0.000000
38	190000000	1.055752e-03	1.162825	1.062525e-03	1.483185	1.173800e-03	0.835952	5.035836e-04	1.319972	3.700737e-03	2.526393	0.000000e+00	0.000000	0.000000e+00	0.000000	0.000000e+00	0.000000	0.000000e+00	0.000000	0.000000e+00	0.000000	0.000000e+00	0.000000	0.000000e+00	0.000000	0.000000e+00	0.000000	0.000000e+00	0.000000	0.000000e+00	0.000000	0.000000e+00	0.000000	0.000000e+00	0.000000	0.000000e+00	0.000000	0.000000e+00	0.000000	0.000000e+00	0.000000	0.000000e+00	0.000000	0.000000e+00	0.000000	0.000000e+00	0.000000	0.000000e+00	0.000000	0.000000e+00	0.000000	0.000000e+00	0.000000
39	195000000	1.052264e-03	1.146971	1.084295e-03	1.433689	1.093035e-03	0.289648	2.399916e-04	3.416948	0.000000e+00	0.000000	0.000000e+00	0.000000	0.000000e+00	0.000000	0.000000e+00	0.000000	0.000000e+00	0.000000	0.000000e+00	0.000000	0.000000e+00	0.000000	0.000000e+00	0.000000	0.000000e+00	0.000000	0.000000e+00	0.000000	0.000000e+00	0.000000	0.000000e+00	0.000000	0.000000e+00	0.000000	0.000000e+00	0.000000	0.000000e+00	0.000000	0.000000e+00	0.000000	0.000000e+00	0.000000	0.000000e+00	0.000000	0.000000e+00	0.000000	0.000000e+00	0.000000	0.000000e+00	0.000000	0.000000e+00	0.000000
40	200000000	1.004217e-03	0.907026	1.081172e-03	1.442653	9.586974e-04	0.279743	0.000000e+00	0.000000	0.000000e+00	0.000000	0.000000e+00	0.000000	0.000000e+00	0.000000	0.000000e+00	0.000000	0.000000e+00	0.000000	0.000000e+00	0.000000	0.000000e+00	0.000000	0.000000e+00	0.000000	0.000000e+00	0.000000	0.000000e+00	0.000000	0.000000e+00	0.000000	0.000000e+00	0.000000	0.000000e+00	0.000000	0.000000e+00	0.000000	0.000000e+00	0.000000	0.000000e+00	0.000000	0.000000e+00	0.000000	0.000000e+00	0.000000	0.000000e+00	0.000000	0.000000e+00	0.000000	0.000000e+00	0.000000	0.000000e+00	0.000000
41	205000000	1.002309e-03	0.932786	9.553108e-04	1.321062	1.029145e-03	0.608610	0.000000e+00	0.000000	0.000000e+00	0.000000	0.000000e+00	0.000000	0.000000e+00	0.000000	0.000000e+00	0.000000	0.000000e+00	0.000000	0.000000e+00	0.000000	0.000000e+00	0.000000	0.000000e+00	0.000000	0.000000e+00	0.000000	0.000000e+00	0.000000	0.000000e+00	0.000000	0.000000e+00	0.000000	0.000000e+00	0.000000	0.000000e+00	0.000000	0.000000e+00	0.000000	0.000000e+00	0.000000	0.000000e+00	0.000000	0.000000e+00	0.000000	0.000000e+00	0.000000	0.000000e+00	0.000000	0.000000e+00	0.000000	0.000000e+00	0.000000
42	210000000	1.028683e-03	0.905832	8.966870e-04	1.257744	1.110923e-03	0.588349	0.000000e+00	0.000000	0.000000e+00	0.000000	0.000000e+00	0.000000	0.000000e+00	0.000000	0.000000e+00	0.000000	0.000000e+00	0.000000	0.000000e+00	0.000000	0.000000e+00	0.000000	0.000000e+00	0.000000	0.000000e+00	0.000000	0.000000e+00	0.000000	0.000000e+00	0.000000	0.000000e+00	0.000000	0.000000e+00	0.000000	0.000000e+00	0.000000	0.000000e+00	0.000000	0.000000e+00	0.000000	0.000000e+00	0.000000	0.000000e+00	0.000000	0.000000e+00	0.000000	0.000000e+00	0.000000	0.000000e+00	0.000000	0.000000e+00	0.000000
43	215000000	9.366664e-04	1.138123	9.831759e-04	1.737520	9.084001e-04	0.497769	0.000000e+00	0.000000	0.000000e+00	0.000000	0.000000e+00	0.000000	0.000000e+00	0.000000	0.000000e+00	0.000000	0.000000e+00	0.000000	0.000000e+00	0.000000	0.000000e+00	0.000000	0.000000e+00	0.000000	0.000000e+00	0.000000	0.000000e+00	0.000000	0.000000e+00	0.000000	0.000000e+00	0.000000	0.000000e+00	0.000000	0.000000e+00	0.000000	0.000000e+00	0.000000	0.000000e+00	0.000000	0.000000e+00	0.000000	0.000000e+00	0.000000	0.000000e+00	0.000000	0.000000e+00	0.000000	0.000000e+00	0.000000	0.000000e+00	0.000000
44	220000000	9.101398e-04	1.235354	9.786781e-04	1.786249	8.726372e-04	0.784395	0.000000e+00	0.000000	0.000000e+00	0.000000	0.000000e+00	0.000000	0.000000e+00	0.000000	0.000000e+00	0.000000	0.000000e+00	0.000000	0.000000e+00	0.000000	0.000000e+00	0.000000	0.000000e+00	0.000000	0.000000e+00	0.000000	0.000000e+00	0.000000	0.000000e+00	0.000000	0.000000e+00	0.000000	0.000000e+00	0.000000	0.000000e+00	0.000000	0.000000e+00	0.000000	0.000000e+00	0.000000	0.000000e+00	0.000000	0.000000e+00	0.000000	0.000000e+00	0.000000	0.000000e+00	0.000000	0.000000e+00	0.000000	0.000000e+00	0.000000
45	225000000	9.129263e-04	1.300955	9.099031e-04	1.693691	9.148761e-04	0.966420	0.000000e+00	0.000000	0.000000e+00	0.000000	0.000000e+00	0.000000	0.000000e+00	0.000000	0.000000e+00	0.000000	0.000000e+00	0.000000	0.000000e+00	0.000000	0.000000e+00	0.000000	0.000000e+00	0.000000	0.000000e+00	0.000000	0.000000e+00	0.000000	0.000000e+00	0.000000	0.000000e+00	0.000000	0.000000e+00	0.000000	0.000000e+00	0.000000	0.000000e+00	0.000000	0.000000e+00	0.000000	0.000000e+00	0.000000	0.000000e+00	0.000000	0.000000e+00	0.000000	0.000000e+00	0.000000	0.000000e+00	0.000000	0.000000e+00	0.000000
46	230000000	7.393075e-04	1.155451	8.130703e-04	1.373385	6.848790e-04	0.963536	0.000000e+00	0.000000	0.000000e+00	0.000000	0.000000e+00	0.000000	0.000000e+00	0.000000	0.000000e+00	0.000000	0.000000e+00	0.000000	0.000000e+00	0.000000	0.000000e+00	0.000000	0.000000e+00	0.000000	0.000000e+00	0.000000	0.000000e+00	0.000000	0.000000e+00	0.000000	0.000000e+00	0.000000	0.000000e+00	0.000000	0.000000e+00	0.000000	0.000000e+00	0.000000	0.000000e+00	0.000000	0.000000e+00	0.000000	0.000000e+00	0.000000	0.000000e+00	0.000000	0.000000e+00	0.000000	0.000000e+00	0.000000	0.000000e+00	0.000000
47	235000000	5.906258e-04	1.403916	8.010836e-04	1.112880	4.132842e-04	1.608789	0.000000e+00	0.000000	0.000000e+00	0.000000	0.000000e+00	0.000000	0.000000e+00	0.000000	0.000000e+00	0.000000	0.000000e+00	0.000000	0.000000e+00	0.000000	0.000000e+00	0.000000	0.000000e+00	0.000000	0.000000e+00	0.000000	0.000000e+00	0.000000	0.000000e+00	0.000000	0.000000e+00	0.000000	0.000000e+00	0.000000	0.000000e+00	0.000000	0.000000e+00	0.000000	0.000000e+00	0.000000	0.000000e+00	0.000000	0.000000e+00	0.000000	0.000000e+00	0.000000	0.000000e+00	0.000000	0.000000e+00	0.000000	0.000000e+00	0.000000
48	240000000	9.067886e-04	1.077812	1.004824e-03	0.818105	7.390627e-04	1.415656	0.000000e+00	0.000000	0.000000e+00	0.000000	0.000000e+00	0.000000	0.000000e+00	0.000000	0.000000e+00	0.000000	0.000000e+00	0.000000	0.000000e+00	0.000000	0.000000e+00	0.000000	0.000000e+00	0.000000	0.000000e+00	0.000000	0.000000e+00	0.000000	0.000000e+00	0.000000	0.000000e+00	0.000000	0.000000e+00	0.000000	0.000000e+00	0.000000	0.000000e+00	0.000000	0.000000e+00	0.000000	0.000000e+00	0.000000	0.000000e+00	0.000000	0.000000e+00	0.000000	0.000000e+00	0.000000	0.000000e+00	0.000000	0.000000e+00	0.000000
49	245000000	8.304255e-04	1.632457	8.304255e-04	1.632457	0.000000e+00	0.000000	0.000000e+00	0.000000	0.000000e+00	0.000000	0.000000e+00	0.000000	0.000000e+00	0.000000	0.000000e+00	0.000000	0.000000e+00	0.000000	0.000000e+00	0.000000	0.000000e+00	0.000000	0.000000e+00	0.000000	0.000000e+00	0.000000	0.000000e+00	0.000000	0.000000e+00	0.000000	0.000000e+00	0.000000	0.000000e+00	0.000000	0.000000e+00	0.000000	0.000000e+00	0.000000	0.000000e+00	0.000000	0.000000e+00	0.000000	0.000000e+00	0.000000	0.000000e+00	0.000000	0.000000e+00	0.000000	0.000000e+00	0.000000	0.000000e+00	0.000000


Adjusted Region Totals	chr	start	end	strand	PETag total	Scaling Factor
chr1-0	chr1	0	5000000	+	26014.500000	1100.733154
chr1-5000000	chr1	5000000	10000000	+	50819.500000	880.087402
chr1-10000000	chr1	10000000	15000000	+	42421.000000	912.976379
chr1-15000000	chr1	15000000	20000000	+	45291.000000	888.752502
chr1-20000000	chr1	20000000	25000000	+	50864.500000	854.061584
chr1-25000000	chr1	25000000	30000000	+	41367.500000	897.242188
chr1-30000000	chr1	30000000	35000000	+	55361.000000	820.190674
chr1-35000000	chr1	35000000	40000000	+	59719.500000	795.031677
chr1-40000000	chr1	40000000	45000000	+	58050.000000	798.393250
chr1-45000000	chr1	45000000	50000000	+	55036.000000	807.284180
chr1-50000000	chr1	50000000	55000000	+	61260.000000	776.410156
chr1-55000000	chr1	55000000	60000000	+	79056.000000	714.327759
chr1-60000000	chr1	60000000	65000000	+	73377.500000	727.763306
chr1-65000000	chr1	65000000	70000000	+	70737.500000	735.623352
chr1-70000000	chr1	70000000	75000000	+	70703.000000	735.417175
chr1-75000000	chr1	75000000	80000000	+	68417.500000	740.823914
chr1-80000000	chr1	80000000	85000000	+	78709.000000	711.052673
chr1-85000000	chr1	85000000	90000000	+	61663.500000	767.848267
chr1-90000000	chr1	90000000	95000000	+	46375.000000	830.729309
chr1-95000000	chr1	95000000	100000000	+	70192.500000	740.861633
chr1-100000000	chr1	100000000	105000000	+	43176.500000	820.523438
chr1-105000000	chr1	105000000	110000000	+	200529.500000	505.052948
chr1-110000000	chr1	110000000	115000000	+	156817.500000	543.423035
chr1-115000000	chr1	115000000	120000000	+	172414.500000	540.583801
chr1-120000000	chr1	120000000	125000000	+	12041.500000	1134.449951
chr1-125000000	chr1	125000000	130000000	+	0.000000	1.000000
chr1-130000000	chr1	130000000	135000000	+	0.000000	1.000000
chr1-135000000	chr1	135000000	140000000	+	0.000000	1.000000
chr1-140000000	chr1	140000000	145000000	+	8360.000000	1265.396606
chr1-145000000	chr1	145000000	150000000	+	52130.000000	824.180847
chr1-150000000	chr1	150000000	155000000	+	96398.500000	668.547607
chr1-155000000	chr1	155000000	160000000	+	64445.500000	750.141357
chr1-160000000	chr1	160000000	165000000	+	62232.500000	753.632751
chr1-165000000	chr1	165000000	170000000	+	94780.500000	655.697632
chr1-170000000	chr1	170000000	175000000	+	121302.000000	599.371460
chr1-175000000	chr1	175000000	180000000	+	114029.000000	608.035889
chr1-180000000	chr1	180000000	185000000	+	118713.000000	599.202148
chr1-185000000	chr1	185000000	190000000	+	122640.500000	592.316284
chr1-190000000	chr1	190000000	195000000	+	118380.500000	598.203491
chr1-195000000	chr1	195000000	200000000	+	134499.000000	574.451355
chr1-200000000	chr1	200000000	205000000	+	126086.000000	590.387939
chr1-205000000	chr1	205000000	210000000	+	85875.000000	676.494995
chr1-210000000	chr1	210000000	215000000	+	54926.000000	763.445679
chr1-215000000	chr1	215000000	220000000	+	198269.000000	511.446045
chr1-220000000	chr1	220000000	225000000	+	68787.500000	727.674744
chr1-225000000	chr1	225000000	230000000	+	58022.500000	784.034241
chr1-230000000	chr1	230000000	235000000	+	78005.000000	723.227722
chr1-235000000	chr1	235000000	240000000	+	70137.500000	753.106506
chr1-240000000	chr1	240000000	245000000	+	64761.000000	784.925171
chr1-245000000	chr1	245000000	250000000	+	49000.500000	887.160522
chr2-0	chr2	0	5000000	+	83917.000000	698.994080
chr2-5000000	chr2	5000000	10000000	+	97931.000000	640.436523
chr2-10000000	chr2	10000000	15000000	+	87604.000000	656.426453
chr2-15000000	chr2	15000000	20000000	+	104211.000000	616.090271
chr2-20000000	chr2	20000000	25000000	+	92511.000000	637.909119
chr2-25000000	chr2	25000000	30000000	+	84833.000000	654.404480
chr2-30000000	chr2	30000000	35000000	+	92315.500000	634.442261
chr2-35000000	chr2	35000000	40000000	+	95910.000000	623.411316
chr2-40000000	chr2	40000000	45000000	+	99751.000000	613.604980
chr2-45000000	chr2	45000000	50000000	+	97541.500000	616.328003
chr2-50000000	chr2	50000000	55000000	+	102946.500000	605.031433
chr2-55000000	chr2	55000000	60000000	+	99112.500000	612.278442
chr2-60000000	chr2	60000000	65000000	+	95976.500000	619.052063
chr2-65000000	chr2	65000000	70000000	+	97629.000000	617.693665
chr2-70000000	chr2	70000000	75000000	+	81051.000000	656.409546
chr2-75000000	chr2	75000000	80000000	+	90239.000000	636.546448
chr2-80000000	chr2	80000000	85000000	+	92153.000000	637.992615
chr2-85000000	chr2	85000000	90000000	+	46027.500000	806.828430
chr2-90000000	chr2	90000000	95000000	+	3888.500000	1239.130127
chr2-95000000	chr2	95000000	100000000	+	48686.000000	792.533447
chr2-100000000	chr2	100000000	105000000	+	97408.000000	625.860168
chr2-105000000	chr2	105000000	110000000	+	85564.500000	649.815552
chr2-110000000	chr2	110000000	115000000	+	56078.500000	735.341675
chr2-115000000	chr2	115000000	120000000	+	94220.000000	627.456238
chr2-120000000	chr2	120000000	125000000	+	88951.500000	634.632385
chr2-125000000	chr2	125000000	130000000	+	85794.000000	643.336975
chr2-130000000	chr2	130000000	135000000	+	71335.000000	677.851318
chr2-135000000	chr2	135000000	140000000	+	101485.000000	605.407837
chr2-140000000	chr2	140000000	145000000	+	102292.500000	600.096558
chr2-145000000	chr2	145000000	150000000	+	103775.000000	596.414185
chr2-150000000	chr2	150000000	155000000	+	105926.500000	592.363708
chr2-155000000	chr2	155000000	160000000	+	100174.000000	602.544006
chr2-160000000	chr2	160000000	165000000	+	108914.000000	587.292297
chr2-165000000	chr2	165000000	170000000	+	99242.500000	605.503906
chr2-170000000	chr2	170000000	175000000	+	99335.000000	606.179199
chr2-175000000	chr2	175000000	180000000	+	105124.000000	596.283691
chr2-180000000	chr2	180000000	185000000	+	95084.500000	616.787537
chr2-185000000	chr2	185000000	190000000	+	96913.000000	614.406860
chr2-190000000	chr2	190000000	195000000	+	101471.500000	606.551941
chr2-195000000	chr2	195000000	200000000	+	95137.000000	620.774780
chr2-200000000	chr2	200000000	205000000	+	94431.500000	624.098755
chr2-205000000	chr2	205000000	210000000	+	98539.000000	616.122314
chr2-210000000	chr2	210000000	215000000	+	110511.000000	595.319458
chr2-215000000	chr2	215000000	220000000	+	97348.500000	624.594299
chr2-220000000	chr2	220000000	225000000	+	89048.500000	650.236938
chr2-225000000	chr2	225000000	230000000	+	78209.000000	687.881226
chr2-230000000	chr2	230000000	235000000	+	61055.000000	754.349670
chr2-235000000	chr2	235000000	240000000	+	67806.000000	747.829041
chr2-240000000	chr2	240000000	245000000	+	29079.000000	1005.782532
chr3-0	chr3	0	5000000	+	124145.000000	647.319397
chr3-5000000	chr3	5000000	10000000	+	124221.000000	626.289124
chr3-10000000	chr3	10000000	15000000	+	110203.500000	644.750916
chr3-15000000	chr3	15000000	20000000	+	141659.000000	589.564697
chr3-20000000	chr3	20000000	25000000	+	125272.500000	611.527283
chr3-25000000	chr3	25000000	30000000	+	117515.500000	627.098450
chr3-30000000	chr3	30000000	35000000	+	88972.000000	687.596008
chr3-35000000	chr3	35000000	40000000	+	85983.500000	698.749512
chr3-40000000	chr3	40000000	45000000	+	73880.500000	736.584473
chr3-45000000	chr3	45000000	50000000	+	43997.500000	851.758667
chr3-50000000	chr3	50000000	55000000	+	49844.000000	822.757141
chr3-55000000	chr3	55000000	60000000	+	57497.000000	739.519531
chr3-60000000	chr3	60000000	65000000	+	548225.500000	344.107849
chr3-65000000	chr3	65000000	70000000	+	90139.500000	641.524597
chr3-70000000	chr3	70000000	75000000	+	108991.500000	630.743835
chr3-75000000	chr3	75000000	80000000	+	105072.000000	637.666870
chr3-80000000	chr3	80000000	85000000	+	105559.500000	638.402527
chr3-85000000	chr3	85000000	90000000	+	104726.000000	647.439026
chr3-90000000	chr3	90000000	95000000	+	39742.500000	843.691589
chr3-95000000	chr3	95000000	100000000	+	106485.500000	643.231445
chr3-100000000	chr3	100000000	105000000	+	112382.500000	624.239990
chr3-105000000	chr3	105000000	110000000	+	118632.500000	612.380066
chr3-110000000	chr3	110000000	115000000	+	118167.500000	613.904968
chr3-115000000	chr3	115000000	120000000	+	101202.000000	645.583374
chr3-120000000	chr3	120000000	125000000	+	106346.500000	639.442383
chr3-125000000	chr3	125000000	130000000	+	80332.000000	694.886780
chr3-130000000	chr3	130000000	135000000	+	112912.500000	627.070496
chr3-135000000	chr3	135000000	140000000	+	103843.500000	640.545410
chr3-140000000	chr3	140000000	145000000	+	115172.500000	618.481628
chr3-145000000	chr3	145000000	150000000	+	135298.500000	585.158569
chr3-150000000	chr3	150000000	155000000	+	137741.000000	581.227112
chr3-155000000	chr3	155000000	160000000	+	131845.000000	590.892273
chr3-160000000	chr3	160000000	165000000	+	130480.000000	594.632141
chr3-165000000	chr3	165000000	170000000	+	134688.500000	590.708679
chr3-170000000	chr3	170000000	175000000	+	128877.500000	603.150330
chr3-175000000	chr3	175000000	180000000	+	114045.500000	633.651123
chr3-180000000	chr3	180000000	185000000	+	103457.500000	660.110535
chr3-185000000	chr3	185000000	190000000	+	113841.000000	644.827820
chr3-190000000	chr3	190000000	195000000	+	127000.500000	641.749634
chr3-195000000	chr3	195000000	200000000	+	46057.000000	1609.567993
chr4-0	chr4	0	5000000	+	39926.500000	832.603943
chr4-5000000	chr4	5000000	10000000	+	45386.000000	764.159729
chr4-10000000	chr4	10000000	15000000	+	73776.000000	639.657166
chr4-15000000	chr4	15000000	20000000	+	79632.000000	613.608398
chr4-20000000	chr4	20000000	25000000	+	83291.500000	601.065918
chr4-25000000	chr4	25000000	30000000	+	73735.000000	624.100281
chr4-30000000	chr4	30000000	35000000	+	72542.000000	627.387207
chr4-35000000	chr4	35000000	40000000	+	69192.000000	636.248230
chr4-40000000	chr4	40000000	45000000	+	70583.000000	633.782104
chr4-45000000	chr4	45000000	50000000	+	54820.000000	691.897522
chr4-50000000	chr4	50000000	55000000	+	32291.000000	802.212463
chr4-55000000	chr4	55000000	60000000	+	70867.000000	634.527588
chr4-60000000	chr4	60000000	65000000	+	63111.500000	651.632935
chr4-65000000	chr4	65000000	70000000	+	63501.500000	650.039551
chr4-70000000	chr4	70000000	75000000	+	62243.000000	650.405396
chr4-75000000	chr4	75000000	80000000	+	78177.000000	602.172058
chr4-80000000	chr4	80000000	85000000	+	79907.500000	595.528259
chr4-85000000	chr4	85000000	90000000	+	75085.500000	607.355164
chr4-90000000	chr4	90000000	95000000	+	74251.000000	609.331604
chr4-95000000	chr4	95000000	100000000	+	78101.000000	599.739197
chr4-100000000	chr4	100000000	105000000	+	72521.500000	613.707581
chr4-105000000	chr4	105000000	110000000	+	77343.000000	601.924805
chr4-110000000	chr4	110000000	115000000	+	74277.000000	610.733032
chr4-115000000	chr4	115000000	120000000	+	67029.500000	631.774536
chr4-120000000	chr4	120000000	125000000	+	72971.500000	615.415161
chr4-125000000	chr4	125000000	130000000	+	76407.500000	607.098022
chr4-130000000	chr4	130000000	135000000	+	66501.000000	634.844666
chr4-135000000	chr4	135000000	140000000	+	74654.000000	613.112671
chr4-140000000	chr4	140000000	145000000	+	74605.500000	612.796082
chr4-145000000	chr4	145000000	150000000	+	78187.500000	604.722900
chr4-150000000	chr4	150000000	155000000	+	75411.000000	613.037231
chr4-155000000	chr4	155000000	160000000	+	77703.500000	609.738098
chr4-160000000	chr4	160000000	165000000	+	72436.500000	627.249146
chr4-165000000	chr4	165000000	170000000	+	67910.000000	643.805786
chr4-170000000	chr4	170000000	175000000	+	77401.000000	620.489868
chr4-175000000	chr4	175000000	180000000	+	73859.000000	640.265137
chr4-180000000	chr4	180000000	185000000	+	34564.000000	828.371643
chr4-185000000	chr4	185000000	190000000	+	41874.000000	811.411072
chr4-190000000	chr4	190000000	195000000	+	12471.000000	1180.610107
chr5-0	chr5	0	5000000	+	76476.500000	732.501343
chr5-5000000	chr5	5000000	10000000	+	107148.000000	627.569214
chr5-10000000	chr5	10000000	15000000	+	125835.000000	585.806946
chr5-15000000	chr5	15000000	20000000	+	112081.500000	605.702209
chr5-20000000	chr5	20000000	25000000	+	103564.500000	621.051453
chr5-25000000	chr5	25000000	30000000	+	100580.000000	626.840759
chr5-30000000	chr5	30000000	35000000	+	90890.000000	645.422974
chr5-35000000	chr5	35000000	40000000	+	110435.000000	605.013550
chr5-40000000	chr5	40000000	45000000	+	100344.000000	629.064880
chr5-45000000	chr5	45000000	50000000	+	40217.000000	820.265808
chr5-50000000	chr5	50000000	55000000	+	92960.000000	643.989014
chr5-55000000	chr5	55000000	60000000	+	106400.000000	608.921753
chr5-60000000	chr5	60000000	65000000	+	102984.000000	616.023499
chr5-65000000	chr5	65000000	70000000	+	77135.000000	675.700928
chr5-70000000	chr5	70000000	75000000	+	83243.000000	660.372986
chr5-75000000	chr5	75000000	80000000	+	95082.000000	630.502380
chr5-80000000	chr5	80000000	85000000	+	100970.000000	616.812988
chr5-85000000	chr5	85000000	90000000	+	96552.500000	624.837769
chr5-90000000	chr5	90000000	95000000	+	99184.500000	620.136353
chr5-95000000	chr5	95000000	100000000	+	92402.000000	633.997009
chr5-100000000	chr5	100000000	105000000	+	97344.500000	624.151428
chr5-105000000	chr5	105000000	110000000	+	95157.500000	627.728210
chr5-110000000	chr5	110000000	115000000	+	103917.500000	610.418579
chr5-115000000	chr5	115000000	120000000	+	100648.500000	616.292603
chr5-120000000	chr5	120000000	125000000	+	105320.500000	608.223083
chr5-125000000	chr5	125000000	130000000	+	103279.500000	614.494324
chr5-130000000	chr5	130000000	135000000	+	84985.000000	656.569275
chr5-135000000	chr5	135000000	140000000	+	87925.500000	652.111206
chr5-140000000	chr5	140000000	145000000	+	93597.000000	639.454834
chr5-145000000	chr5	145000000	150000000	+	99238.500000	628.274719
chr5-150000000	chr5	150000000	155000000	+	97636.500000	633.105225
chr5-155000000	chr5	155000000	160000000	+	98113.000000	634.798645
chr5-160000000	chr5	160000000	165000000	+	96550.000000	640.429199
chr5-165000000	chr5	165000000	170000000	+	107585.000000	620.891113
chr5-170000000	chr5	170000000	175000000	+	111256.000000	622.629456
chr5-175000000	chr5	175000000	180000000	+	61220.000000	784.536377
chr5-180000000	chr5	180000000	185000000	+	10975.500000	1293.099976
chr6-0	chr6	0	5000000	+	92606.500000	665.086426
chr6-5000000	chr6	5000000	10000000	+	100894.500000	623.473083
chr6-10000000	chr6	10000000	15000000	+	101202.000000	617.357849
chr6-15000000	chr6	15000000	20000000	+	97423.000000	621.905823
chr6-20000000	chr6	20000000	25000000	+	97536.500000	621.192322
chr6-25000000	chr6	25000000	30000000	+	81918.500000	660.671326
chr6-30000000	chr6	30000000	35000000	+	51834.000000	757.573242
chr6-35000000	chr6	35000000	40000000	+	80626.000000	662.794495
chr6-40000000	chr6	40000000	45000000	+	78431.000000	660.333984
chr6-45000000	chr6	45000000	50000000	+	104576.000000	599.355957
chr6-50000000	chr6	50000000	55000000	+	102215.000000	604.366821
chr6-55000000	chr6	55000000	60000000	+	65491.000000	700.323364
chr6-60000000	chr6	60000000	65000000	+	50078.500000	756.983643
chr6-65000000	chr6	65000000	70000000	+	86089.500000	641.716431
chr6-70000000	chr6	70000000	75000000	+	87413.500000	633.309692
chr6-75000000	chr6	75000000	80000000	+	86413.500000	633.791016
chr6-80000000	chr6	80000000	85000000	+	93663.000000	616.777161
chr6-85000000	chr6	85000000	90000000	+	91795.500000	619.403259
chr6-90000000	chr6	90000000	95000000	+	95000.000000	612.924194
chr6-95000000	chr6	95000000	100000000	+	89083.000000	625.184875
chr6-100000000	chr6	100000000	105000000	+	93799.500000	614.326721
chr6-105000000	chr6	105000000	110000000	+	104966.000000	592.800476
chr6-110000000	chr6	110000000	115000000	+	90309.000000	622.085754
chr6-115000000	chr6	115000000	120000000	+	96567.000000	610.615967
chr6-120000000	chr6	120000000	125000000	+	95783.500000	611.676575
chr6-125000000	chr6	125000000	130000000	+	105988.500000	593.247070
chr6-130000000	chr6	130000000	135000000	+	95963.000000	613.392700
chr6-135000000	chr6	135000000	140000000	+	104097.000000	600.349060
chr6-140000000	chr6	140000000	145000000	+	95639.500000	619.389526
chr6-145000000	chr6	145000000	150000000	+	100735.500000	613.223572
chr6-150000000	chr6	150000000	155000000	+	95175.500000	634.099060
chr6-155000000	chr6	155000000	160000000	+	51288.500000	783.958191
chr6-160000000	chr6	160000000	165000000	+	52320.500000	800.048523
chr6-165000000	chr6	165000000	170000000	+	39103.000000	897.494507
chr6-170000000	chr6	170000000	175000000	+	13269.000000	1237.870117
chr7-0	chr7	0	5000000	+	68712.500000	773.580688
chr7-5000000	chr7	5000000	10000000	+	86593.000000	689.534485
chr7-10000000	chr7	10000000	15000000	+	99913.000000	647.543945
chr7-15000000	chr7	15000000	20000000	+	106545.500000	627.988892
chr7-20000000	chr7	20000000	25000000	+	100708.000000	635.632507
chr7-25000000	chr7	25000000	30000000	+	108818.500000	614.567078
chr7-30000000	chr7	30000000	35000000	+	144475.000000	558.664551
chr7-35000000	chr7	35000000	40000000	+	85759.500000	664.960510
chr7-40000000	chr7	40000000	45000000	+	85251.500000	673.217468
chr7-45000000	chr7	45000000	50000000	+	78116.000000	692.607117
chr7-50000000	chr7	50000000	55000000	+	85513.000000	683.367432
chr7-55000000	chr7	55000000	60000000	+	23082.500000	979.410461
chr7-60000000	chr7	60000000	65000000	+	38430.000000	874.921936
chr7-65000000	chr7	65000000	70000000	+	62840.500000	756.238342
chr7-70000000	chr7	70000000	75000000	+	43345.000000	827.174316
chr7-75000000	chr7	75000000	80000000	+	79188.500000	686.689392
chr7-80000000	chr7	80000000	85000000	+	120245.500000	592.280151
chr7-85000000	chr7	85000000	90000000	+	110045.500000	605.230408
chr7-90000000	chr7	90000000	95000000	+	117546.500000	593.571167
chr7-95000000	chr7	95000000	100000000	+	95865.000000	635.783386
chr7-100000000	chr7	100000000	105000000	+	84551.000000	659.234619
chr7-105000000	chr7	105000000	110000000	+	137021.000000	561.938110
chr7-110000000	chr7	110000000	115000000	+	137725.500000	560.724609
chr7-115000000	chr7	115000000	120000000	+	98655.000000	629.317871
chr7-120000000	chr7	120000000	125000000	+	106588.500000	620.533203
chr7-125000000	chr7	125000000	130000000	+	85185.000000	669.608887
chr7-130000000	chr7	130000000	135000000	+	97186.500000	646.712280
chr7-135000000	chr7	135000000	140000000	+	94786.000000	656.790771
chr7-140000000	chr7	140000000	145000000	+	77294.500000	708.245789
chr7-145000000	chr7	145000000	150000000	+	84031.500000	699.557556
chr7-150000000	chr7	150000000	155000000	+	69974.000000	769.382263
chr7-155000000	chr7	155000000	160000000	+	70835.000000	1701.543579
chr8-0	chr8	0	5000000	+	50679.000000	981.078796
chr8-5000000	chr8	5000000	10000000	+	41438.000000	1007.180542
chr8-10000000	chr8	10000000	15000000	+	48538.500000	950.365540
chr8-15000000	chr8	15000000	20000000	+	60886.000000	878.529663
chr8-20000000	chr8	20000000	25000000	+	54940.500000	899.101379
chr8-25000000	chr8	25000000	30000000	+	53649.000000	903.354736
chr8-30000000	chr8	30000000	35000000	+	48522.500000	927.335693
chr8-35000000	chr8	35000000	40000000	+	44744.500000	949.820435
chr8-40000000	chr8	40000000	45000000	+	29139.000000	1048.458252
chr8-45000000	chr8	45000000	50000000	+	51942.500000	886.754089
chr8-50000000	chr8	50000000	55000000	+	97144.500000	719.825317
chr8-55000000	chr8	55000000	60000000	+	104784.000000	693.006531
chr8-60000000	chr8	60000000	65000000	+	101740.000000	695.402039
chr8-65000000	chr8	65000000	70000000	+	103394.000000	689.079712
chr8-70000000	chr8	70000000	75000000	+	104039.000000	684.709900
chr8-75000000	chr8	75000000	80000000	+	107103.000000	674.571106
chr8-80000000	chr8	80000000	85000000	+	121298.000000	643.437073
chr8-85000000	chr8	85000000	90000000	+	144404.000000	602.449402
chr8-90000000	chr8	90000000	95000000	+	171417.000000	566.067017
chr8-95000000	chr8	95000000	100000000	+	155853.000000	582.217163
chr8-100000000	chr8	100000000	105000000	+	172060.500000	562.481812
chr8-105000000	chr8	105000000	110000000	+	190606.500000	544.486328
chr8-110000000	chr8	110000000	115000000	+	142175.500000	602.985596
chr8-115000000	chr8	115000000	120000000	+	145964.000000	600.734680
chr8-120000000	chr8	120000000	125000000	+	169888.500000	569.892456
chr8-125000000	chr8	125000000	130000000	+	210083.000000	532.962891
chr8-130000000	chr8	130000000	135000000	+	128915.000000	637.367676
chr8-135000000	chr8	135000000	140000000	+	122294.000000	665.357239
chr8-140000000	chr8	140000000	145000000	+	79442.000000	798.202332
chr8-145000000	chr8	145000000	150000000	+	11090.500000	1718.477051
chr9-0	chr9	0	5000000	+	75782.500000	736.737732
chr9-5000000	chr9	5000000	10000000	+	65150.000000	750.339966
chr9-10000000	chr9	10000000	15000000	+	69477.500000	731.249146
chr9-15000000	chr9	15000000	20000000	+	68626.500000	730.322327
chr9-20000000	chr9	20000000	25000000	+	70598.000000	722.328918
chr9-25000000	chr9	25000000	30000000	+	72048.500000	720.498535
chr9-30000000	chr9	30000000	35000000	+	54432.500000	794.157410
chr9-35000000	chr9	35000000	40000000	+	45150.000000	867.584229
chr9-40000000	chr9	40000000	45000000	+	606.500000	1622.802124
chr9-45000000	chr9	45000000	50000000	+	127.000000	1770.863892
chr9-50000000	chr9	50000000	55000000	+	0.000000	1.000000
chr9-55000000	chr9	55000000	60000000	+	0.000000	1.000000
chr9-60000000	chr9	60000000	65000000	+	0.000000	1.000000
chr9-65000000	chr9	65000000	70000000	+	2668.500000	1448.215942
chr9-70000000	chr9	70000000	75000000	+	60137.500000	767.953247
chr9-75000000	chr9	75000000	80000000	+	80881.500000	672.510315
chr9-80000000	chr9	80000000	85000000	+	119637.000000	581.862671
chr9-85000000	chr9	85000000	90000000	+	115361.000000	586.377563
chr9-90000000	chr9	90000000	95000000	+	81293.500000	657.482422
chr9-95000000	chr9	95000000	100000000	+	89711.000000	635.900208
chr9-100000000	chr9	100000000	105000000	+	118941.000000	576.640442
chr9-105000000	chr9	105000000	110000000	+	115312.500000	580.449402
chr9-110000000	chr9	110000000	115000000	+	118120.500000	577.011597
chr9-115000000	chr9	115000000	120000000	+	112145.500000	588.303284
chr9-120000000	chr9	120000000	125000000	+	120341.500000	578.000305
chr9-125000000	chr9	125000000	130000000	+	106163.000000	610.515442
chr9-130000000	chr9	130000000	135000000	+	71319.500000	708.146851
chr9-135000000	chr9	135000000	140000000	+	61780.500000	768.360046
chr9-140000000	chr9	140000000	145000000	+	11230.000000	1248.367432
chr10-0	chr10	0	5000000	+	112841.500000	586.636780
chr10-5000000	chr10	5000000	10000000	+	114754.000000	564.690613
chr10-10000000	chr10	10000000	15000000	+	101661.500000	586.774780
chr10-15000000	chr10	15000000	20000000	+	86151.500000	618.289124
chr10-20000000	chr10	20000000	25000000	+	97415.000000	593.705872
chr10-25000000	chr10	25000000	30000000	+	87543.000000	613.681702
chr10-30000000	chr10	30000000	35000000	+	92050.500000	608.477173
chr10-35000000	chr10	35000000	40000000	+	54568.000000	727.223816
chr10-40000000	chr10	40000000	45000000	+	27647.500000	887.601440
chr10-45000000	chr10	45000000	50000000	+	33659.500000	842.622864
chr10-50000000	chr10	50000000	55000000	+	61307.000000	701.300354
chr10-55000000	chr10	55000000	60000000	+	71793.500000	659.163818
chr10-60000000	chr10	60000000	65000000	+	81760.500000	630.042114
chr10-65000000	chr10	65000000	70000000	+	73553.000000	652.059998
chr10-70000000	chr10	70000000	75000000	+	62501.500000	686.574280
chr10-75000000	chr10	75000000	80000000	+	71767.500000	659.199341
chr10-80000000	chr10	80000000	85000000	+	67290.000000	672.086731
chr10-85000000	chr10	85000000	90000000	+	67088.500000	671.826721
chr10-90000000	chr10	90000000	95000000	+	81895.500000	631.221069
chr10-95000000	chr10	95000000	100000000	+	71746.000000	659.550598
chr10-100000000	chr10	100000000	105000000	+	64222.000000	683.585999
chr10-105000000	chr10	105000000	110000000	+	83386.000000	630.351501
chr10-110000000	chr10	110000000	115000000	+	80218.500000	638.239990
chr10-115000000	chr10	115000000	120000000	+	82236.500000	636.637268
chr10-120000000	chr10	120000000	125000000	+	77778.000000	653.142456
chr10-125000000	chr10	125000000	130000000	+	75124.500000	668.406799
chr10-130000000	chr10	130000000	135000000	+	66848.000000	719.996338
chr10-135000000	chr10	135000000	140000000	+	2684.500000	1640.726685
chr11-0	chr11	0	5000000	+	22724.500000	983.238098
chr11-5000000	chr11	5000000	10000000	+	46588.000000	762.209290
chr11-10000000	chr11	10000000	15000000	+	65495.000000	666.189514
chr11-15000000	chr11	15000000	20000000	+	77784.000000	620.855347
chr11-20000000	chr11	20000000	25000000	+	73073.500000	628.825317
chr11-25000000	chr11	25000000	30000000	+	73889.500000	623.858765
chr11-30000000	chr11	30000000	35000000	+	77943.000000	611.636536
chr11-35000000	chr11	35000000	40000000	+	70940.000000	630.061523
chr11-40000000	chr11	40000000	45000000	+	68195.000000	638.420837
chr11-45000000	chr11	45000000	50000000	+	70134.500000	639.082397
chr11-50000000	chr11	50000000	55000000	+	28895.000000	827.831299
chr11-55000000	chr11	55000000	60000000	+	44222.500000	739.744995
chr11-60000000	chr11	60000000	65000000	+	61324.000000	663.173401
chr11-65000000	chr11	65000000	70000000	+	62713.500000	650.341675
chr11-70000000	chr11	70000000	75000000	+	88187.000000	577.069763
chr11-75000000	chr11	75000000	80000000	+	115783.000000	521.344543
chr11-80000000	chr11	80000000	85000000	+	128857.500000	504.742706
chr11-85000000	chr11	85000000	90000000	+	65432.000000	640.814087
chr11-90000000	chr11	90000000	95000000	+	47562.000000	720.737793
chr11-95000000	chr11	95000000	100000000	+	46703.000000	731.475952
chr11-100000000	chr11	100000000	105000000	+	50543.500000	717.579346
chr11-105000000	chr11	105000000	110000000	+	50082.500000	722.476440
chr11-110000000	chr11	110000000	115000000	+	48222.500000	731.080872
chr11-115000000	chr11	115000000	120000000	+	66866.000000	663.683411
chr11-120000000	chr11	120000000	125000000	+	48974.000000	737.260315
chr11-125000000	chr11	125000000	130000000	+	49929.500000	743.554932
chr11-130000000	chr11	130000000	135000000	+	48329.000000	777.050537
chr12-0	chr12	0	5000000	+	64440.500000	790.167480
chr12-5000000	chr12	5000000	10000000	+	54021.500000	804.917419
chr12-10000000	chr12	10000000	15000000	+	71433.000000	729.667114
chr12-15000000	chr12	15000000	20000000	+	73098.000000	716.416870
chr12-20000000	chr12	20000000	25000000	+	69291.500000	722.920593
chr12-25000000	chr12	25000000	30000000	+	79773.500000	687.655884
chr12-30000000	chr12	30000000	35000000	+	78957.000000	691.723755
chr12-35000000	chr12	35000000	40000000	+	37507.500000	846.242493
chr12-40000000	chr12	40000000	45000000	+	98777.000000	635.789795
chr12-45000000	chr12	45000000	50000000	+	85598.500000	656.936646
chr12-50000000	chr12	50000000	55000000	+	84955.000000	657.808533
chr12-55000000	chr12	55000000	60000000	+	80573.500000	660.966064
chr12-60000000	chr12	60000000	65000000	+	134765.000000	555.493591
chr12-65000000	chr12	65000000	70000000	+	132505.000000	554.120422
chr12-70000000	chr12	70000000	75000000	+	129650.500000	557.484619
chr12-75000000	chr12	75000000	80000000	+	137142.000000	547.763428
chr12-80000000	chr12	80000000	85000000	+	124441.000000	567.960449
chr12-85000000	chr12	85000000	90000000	+	106944.500000	600.144531
chr12-90000000	chr12	90000000	95000000	+	106982.000000	603.352905
chr12-95000000	chr12	95000000	100000000	+	105358.000000	609.338440
chr12-100000000	chr12	100000000	105000000	+	97821.000000	627.733215
chr12-105000000	chr12	105000000	110000000	+	96020.000000	638.534180
chr12-110000000	chr12	110000000	115000000	+	67785.500000	717.061584
chr12-115000000	chr12	115000000	120000000	+	89949.500000	665.497498
chr12-120000000	chr12	120000000	125000000	+	59526.500000	761.584106
chr12-125000000	chr12	125000000	130000000	+	83327.500000	698.895203
chr12-130000000	chr12	130000000	135000000	+	45663.000000	875.130432
chr13-0	chr13	0	5000000	+	0.000000	1.000000
chr13-5000000	chr13	5000000	10000000	+	0.000000	1.000000
chr13-10000000	chr13	10000000	15000000	+	0.000000	1.000000
chr13-15000000	chr13	15000000	20000000	+	7091.000000	1281.382446
chr13-20000000	chr13	20000000	25000000	+	84233.000000	637.423889
chr13-25000000	chr13	25000000	30000000	+	92833.500000	595.874329
chr13-30000000	chr13	30000000	35000000	+	109225.500000	557.392700
chr13-35000000	chr13	35000000	40000000	+	106910.000000	557.581665
chr13-40000000	chr13	40000000	45000000	+	108895.000000	552.857544
chr13-45000000	chr13	45000000	50000000	+	108854.500000	555.995361
chr13-50000000	chr13	50000000	55000000	+	68285.000000	653.492249
chr13-55000000	chr13	55000000	60000000	+	67895.000000	663.221985
chr13-60000000	chr13	60000000	65000000	+	54063.000000	716.498718
chr13-65000000	chr13	65000000	70000000	+	51451.000000	731.454407
chr13-70000000	chr13	70000000	75000000	+	55870.000000	714.354248
chr13-75000000	chr13	75000000	80000000	+	58733.500000	705.309570
chr13-80000000	chr13	80000000	85000000	+	51334.500000	739.394958
chr13-85000000	chr13	85000000	90000000	+	46578.500000	765.518188
chr13-90000000	chr13	90000000	95000000	+	52463.000000	741.374817
chr13-95000000	chr13	95000000	100000000	+	51570.500000	747.106812
chr13-100000000	chr13	100000000	105000000	+	56619.000000	729.755188
chr13-105000000	chr13	105000000	110000000	+	55675.000000	743.339050
chr13-110000000	chr13	110000000	115000000	+	36677.000000	880.416748
chr13-115000000	chr13	115000000	120000000	+	685.000000	1780.446533
chr14-0	chr14	0	5000000	+	0.000000	1.000000
chr14-5000000	chr14	5000000	10000000	+	0.000000	1.000000
chr14-10000000	chr14	10000000	15000000	+	0.000000	1.000000
chr14-15000000	chr14	15000000	20000000	+	1140.000000	1624.929443
chr14-20000000	chr14	20000000	25000000	+	81263.500000	753.214050
chr14-25000000	chr14	25000000	30000000	+	119138.500000	638.055298
chr14-30000000	chr14	30000000	35000000	+	127566.500000	615.712158
chr14-35000000	chr14	35000000	40000000	+	111013.000000	640.407715
chr14-40000000	chr14	40000000	45000000	+	121550.500000	619.631653
chr14-45000000	chr14	45000000	50000000	+	117257.500000	624.029053
chr14-50000000	chr14	50000000	55000000	+	122697.000000	612.566711
chr14-55000000	chr14	55000000	60000000	+	134396.000000	592.714905
chr14-60000000	chr14	60000000	65000000	+	130875.500000	598.196777
chr14-65000000	chr14	65000000	70000000	+	116578.500000	622.663025
chr14-70000000	chr14	70000000	75000000	+	120187.000000	618.610718
chr14-75000000	chr14	75000000	80000000	+	114879.000000	628.204468
chr14-80000000	chr14	80000000	85000000	+	129442.500000	605.887695
chr14-85000000	chr14	85000000	90000000	+	120709.000000	623.678223
chr14-90000000	chr14	90000000	95000000	+	104957.500000	657.505798
chr14-95000000	chr14	95000000	100000000	+	127063.000000	625.598511
chr14-100000000	chr14	100000000	105000000	+	81367.000000	752.930115
chr14-105000000	chr14	105000000	110000000	+	20738.000000	1685.275513
chr15-0	chr15	0	5000000	+	0.000000	1.000000
chr15-5000000	chr15	5000000	10000000	+	0.000000	1.000000
chr15-10000000	chr15	10000000	15000000	+	0.000000	1.000000
chr15-15000000	chr15	15000000	20000000	+	0.000000	1.000000
chr15-20000000	chr15	20000000	25000000	+	17393.500000	1205.696899
chr15-25000000	chr15	25000000	30000000	+	48618.000000	891.068970
chr15-30000000	chr15	30000000	35000000	+	48341.500000	867.128357
chr15-35000000	chr15	35000000	40000000	+	73872.000000	756.956665
chr15-40000000	chr15	40000000	45000000	+	48379.500000	844.475403
chr15-45000000	chr15	45000000	50000000	+	72096.000000	733.606628
chr15-50000000	chr15	50000000	55000000	+	201704.000000	516.796326
chr15-55000000	chr15	55000000	60000000	+	73094.000000	719.240967
chr15-60000000	chr15	60000000	65000000	+	81955.500000	703.143372
chr15-65000000	chr15	65000000	70000000	+	103822.500000	647.947144
chr15-70000000	chr15	70000000	75000000	+	121543.000000	614.150269
chr15-75000000	chr15	75000000	80000000	+	99897.500000	655.723206
chr15-80000000	chr15	80000000	85000000	+	93877.500000	670.587402
chr15-85000000	chr15	85000000	90000000	+	114400.500000	630.011292
chr15-90000000	chr15	90000000	95000000	+	117826.000000	623.055420
chr15-95000000	chr15	95000000	100000000	+	147071.000000	586.488342
chr15-100000000	chr15	100000000	105000000	+	58433.000000	823.083740
chr16-0	chr16	0	5000000	+	38561.000000	896.055115
chr16-5000000	chr16	5000000	10000000	+	90067.000000	662.340698
chr16-10000000	chr16	10000000	15000000	+	91002.000000	654.112488
chr16-15000000	chr16	15000000	20000000	+	51526.000000	777.776123
chr16-20000000	chr16	20000000	25000000	+	83745.000000	673.274719
chr16-25000000	chr16	25000000	30000000	+	65056.000000	733.780334
chr16-30000000	chr16	30000000	35000000	+	34122.500000	910.803467
chr16-35000000	chr16	35000000	40000000	+	2170.000000	1437.529175
chr16-40000000	chr16	40000000	45000000	+	0.000000	1.000000
chr16-45000000	chr16	45000000	50000000	+	38295.500000	881.528320
chr16-50000000	chr16	50000000	55000000	+	59978.000000	754.160645
chr16-55000000	chr16	55000000	60000000	+	52454.000000	776.917358
chr16-60000000	chr16	60000000	65000000	+	58197.500000	749.697205
chr16-65000000	chr16	65000000	70000000	+	66058.500000	710.551331
chr16-70000000	chr16	70000000	75000000	+	120876.500000	578.203186
chr16-75000000	chr16	75000000	80000000	+	134814.500000	553.217468
chr16-80000000	chr16	80000000	85000000	+	133106.500000	562.098511
chr16-85000000	chr16	85000000	90000000	+	72353.500000	715.389465
chr16-90000000	chr16	90000000	95000000	+	2003.000000	1473.428955
chr17-0	chr17	0	5000000	+	40512.000000	996.032532
chr17-5000000	chr17	5000000	10000000	+	57829.000000	864.914978
chr17-10000000	chr17	10000000	15000000	+	92873.500000	741.790161
chr17-15000000	chr17	15000000	20000000	+	44825.500000	925.301208
chr17-20000000	chr17	20000000	25000000	+	18067.000000	1141.922363
chr17-25000000	chr17	25000000	30000000	+	47998.500000	911.001404
chr17-30000000	chr17	30000000	35000000	+	38837.000000	950.531494
chr17-35000000	chr17	35000000	40000000	+	34310.000000	974.448120
chr17-40000000	chr17	40000000	45000000	+	33613.000000	946.952820
chr17-45000000	chr17	45000000	50000000	+	118158.500000	648.672302
chr17-50000000	chr17	50000000	55000000	+	184298.000000	533.385681
chr17-55000000	chr17	55000000	60000000	+	600661.500000	342.749512
chr17-60000000	chr17	60000000	65000000	+	225366.000000	494.840851
chr17-65000000	chr17	65000000	70000000	+	171294.000000	565.777832
chr17-70000000	chr17	70000000	75000000	+	76102.000000	755.797852
chr17-75000000	chr17	75000000	80000000	+	49149.500000	898.690857
chr17-80000000	chr17	80000000	85000000	+	11791.500000	1292.610229
chr18-0	chr18	0	5000000	+	74896.000000	615.104675
chr18-5000000	chr18	5000000	10000000	+	78565.000000	587.187622
chr18-10000000	chr18	10000000	15000000	+	59475.000000	652.016541
chr18-15000000	chr18	15000000	20000000	+	16728.500000	924.536865
chr18-20000000	chr18	20000000	25000000	+	77217.500000	588.479065
chr18-25000000	chr18	25000000	30000000	+	83434.000000	563.264648
chr18-30000000	chr18	30000000	35000000	+	74216.000000	588.128174
chr18-35000000	chr18	35000000	40000000	+	56885.000000	645.648071
chr18-40000000	chr18	40000000	45000000	+	58964.000000	643.326050
chr18-45000000	chr18	45000000	50000000	+	49857.000000	682.391602
chr18-50000000	chr18	50000000	55000000	+	49252.500000	689.975891
chr18-55000000	chr18	55000000	60000000	+	47654.000000	701.218689
chr18-60000000	chr18	60000000	65000000	+	46897.000000	710.204102
chr18-65000000	chr18	65000000	70000000	+	45539.500000	722.270142
chr18-70000000	chr18	70000000	75000000	+	50766.000000	720.134338
chr18-75000000	chr18	75000000	80000000	+	27029.000000	1694.233887
chr19-0	chr19	0	5000000	+	11920.500000	1033.527588
chr19-5000000	chr19	5000000	10000000	+	17595.500000	889.120056
chr19-10000000	chr19	10000000	15000000	+	30232.000000	740.173401
chr19-15000000	chr19	15000000	20000000	+	30393.000000	720.853149
chr19-20000000	chr19	20000000	25000000	+	53884.000000	592.475769
chr19-25000000	chr19	25000000	30000000	+	43663.500000	625.529175
chr19-30000000	chr19	30000000	35000000	+	72239.000000	528.776306
chr19-35000000	chr19	35000000	40000000	+	41631.500000	639.604431
chr19-40000000	chr19	40000000	45000000	+	40476.500000	657.089600
chr19-45000000	chr19	45000000	50000000	+	32982.000000	708.826782
chr19-50000000	chr19	50000000	55000000	+	35358.000000	718.076233
chr19-55000000	chr19	55000000	60000000	+	33978.500000	1611.755493
chr20-0	chr20	0	5000000	+	45519.000000	1126.734863
chr20-5000000	chr20	5000000	10000000	+	109779.000000	849.154846
chr20-10000000	chr20	10000000	15000000	+	126398.000000	798.915161
chr20-15000000	chr20	15000000	20000000	+	117444.000000	813.405640
chr20-20000000	chr20	20000000	25000000	+	109459.000000	843.127563
chr20-25000000	chr20	25000000	30000000	+	16848.500000	1282.909546
chr20-30000000	chr20	30000000	35000000	+	49887.000000	1050.309448
chr20-35000000	chr20	35000000	40000000	+	82748.000000	899.298096
chr20-40000000	chr20	40000000	45000000	+	108942.000000	800.099304
chr20-45000000	chr20	45000000	50000000	+	366316.000000	523.550598
chr20-50000000	chr20	50000000	55000000	+	575580.000000	438.934692
chr20-55000000	chr20	55000000	60000000	+	300482.500000	570.358093
chr20-60000000	chr20	60000000	65000000	+	45538.000000	1059.972534
chr21-0	chr21	0	5000000	+	0.000000	1.000000
chr21-5000000	chr21	5000000	10000000	+	1192.500000	1745.954468
chr21-10000000	chr21	10000000	15000000	+	7377.000000	1342.415527
chr21-15000000	chr21	15000000	20000000	+	64544.000000	748.535461
chr21-20000000	chr21	20000000	25000000	+	66388.000000	722.361084
chr21-25000000	chr21	25000000	30000000	+	70139.000000	704.779419
chr21-30000000	chr21	30000000	35000000	+	75669.500000	684.239624
chr21-35000000	chr21	35000000	40000000	+	86473.000000	650.074219
chr21-40000000	chr21	40000000	45000000	+	127357.500000	581.424683
chr21-45000000	chr21	45000000	50000000	+	46619.500000	1593.788696
chr22-0	chr22	0	5000000	+	0.000000	1.000000
chr22-5000000	chr22	5000000	10000000	+	0.000000	1.000000
chr22-10000000	chr22	10000000	15000000	+	0.000000	1.000000
chr22-15000000	chr22	15000000	20000000	+	21051.500000	860.573059
chr22-20000000	chr22	20000000	25000000	+	28557.000000	750.183716
chr22-25000000	chr22	25000000	30000000	+	57575.000000	586.010559
chr22-30000000	chr22	30000000	35000000	+	56250.000000	588.894653
chr22-35000000	chr22	35000000	40000000	+	32165.500000	713.908630
chr22-40000000	chr22	40000000	45000000	+	31610.000000	728.695801
chr22-45000000	chr22	45000000	50000000	+	30990.500000	751.846069
chr22-50000000	chr22	50000000	55000000	+	4657.000000	1254.246216
chrX-0	chrX	0	5000000	+	20484.000000	993.241150
chrX-5000000	chrX	5000000	10000000	+	59318.000000	677.428406
chrX-10000000	chrX	10000000	15000000	+	72203.000000	618.418579
chrX-15000000	chrX	15000000	20000000	+	68139.500000	625.286743
chrX-20000000	chrX	20000000	25000000	+	66028.000000	629.739441
chrX-25000000	chrX	25000000	30000000	+	64597.500000	632.444275
chrX-30000000	chrX	30000000	35000000	+	66141.000000	626.973511
chrX-35000000	chrX	35000000	40000000	+	60681.500000	645.142761
chrX-40000000	chrX	40000000	45000000	+	59670.000000	652.794739
chrX-45000000	chrX	45000000	50000000	+	41247.000000	738.757507
chrX-50000000	chrX	50000000	55000000	+	37004.000000	769.673584
chrX-55000000	chrX	55000000	60000000	+	34971.000000	784.921143
chrX-60000000	chrX	60000000	65000000	+	32772.500000	794.649963
chrX-65000000	chrX	65000000	70000000	+	51795.500000	689.370361
chrX-70000000	chrX	70000000	75000000	+	40316.000000	741.343445
chrX-75000000	chrX	75000000	80000000	+	42368.000000	729.148254
chrX-80000000	chrX	80000000	85000000	+	51880.500000	683.549683
chrX-85000000	chrX	85000000	90000000	+	40308.000000	738.341064
chrX-90000000	chrX	90000000	95000000	+	37383.500000	746.387024
chrX-95000000	chrX	95000000	100000000	+	81834.000000	577.516296
chrX-100000000	chrX	100000000	105000000	+	65611.000000	614.813354
chrX-105000000	chrX	105000000	110000000	+	78503.500000	578.966248
chrX-110000000	chrX	110000000	115000000	+	82291.000000	569.423706
chrX-115000000	chrX	115000000	120000000	+	69282.000000	602.974487
chrX-120000000	chrX	120000000	125000000	+	83691.000000	567.949219
chrX-125000000	chrX	125000000	130000000	+	75298.000000	589.625366
chrX-130000000	chrX	130000000	135000000	+	74514.000000	594.660583
chrX-135000000	chrX	135000000	140000000	+	78002.500000	589.473083
chrX-140000000	chrX	140000000	145000000	+	67788.500000	622.838135
chrX-145000000	chrX	145000000	150000000	+	73849.500000	614.803162
chrX-150000000	chrX	150000000	155000000	+	47982.500000	740.528687
chrX-155000000	chrX	155000000	160000000	+	0.500000	1740.266968
chrY-0	chrY	0	5000000	+	7.000000	2678.399170
chrY-5000000	chrY	5000000	10000000	+	238.500000	2678.399170
chrY-10000000	chrY	10000000	15000000	+	379.000000	2678.399170
chrY-15000000	chrY	15000000	20000000	+	3.000000	2678.399170
chrY-20000000	chrY	20000000	25000000	+	18.500000	2678.399170
chrY-25000000	chrY	25000000	30000000	+	0.500000	2678.399170
chrY-30000000	chrY	30000000	35000000	+	0.000000	1.000000
chrY-35000000	chrY	35000000	40000000	+	0.000000	1.000000
chrY-40000000	chrY	40000000	45000000	+	0.000000	1.000000
chrY-45000000	chrY	45000000	50000000	+	0.000000	1.000000
chrY-50000000	chrY	50000000	55000000	+	0.000000	1.000000
chrY-55000000	chrY	55000000	60000000	+	192.000000	2678.399170
chrM-0	chrM	0	5000000	+	6144.000000	746.704529
