Distance in bp(Fragment Length Estimate: 216)(Peak Width Estimate: 216)	Same Strand (+ for Watson strand, - for Crick)	Opposite Strand
-2000	74656.0	74030.0
-1999	74365.0	73959.0
-1998	74924.0	73966.0
-1997	74812.0	73734.0
-1996	74677.0	74089.0
-1995	74337.0	73763.0
-1994	74576.0	73720.0
-1993	74844.0	74238.0
-1992	74878.0	74092.0
-1991	74283.0	73910.0
-1990	74674.0	74072.0
-1989	74762.0	73828.0
-1988	74556.0	73543.0
-1987	74870.0	73653.0
-1986	74968.0	74060.0
-1985	74622.0	73740.0
-1984	74815.0	74213.0
-1983	74748.0	74078.0
-1982	75232.0	73747.0
-1981	74502.0	74036.0
-1980	75211.0	73805.0
-1979	75014.0	73618.0
-1978	75023.0	73860.0
-1977	74973.0	73825.0
-1976	74910.0	73811.0
-1975	75140.0	73831.0
-1974	74812.0	74031.0
-1973	74879.0	73735.0
-1972	74824.0	73952.0
-1971	75034.0	73784.0
-1970	75536.0	74175.0
-1969	75435.0	73379.0
-1968	75296.0	73565.0
-1967	75183.0	74421.0
-1966	74840.0	73596.0
-1965	75175.0	74220.0
-1964	75176.0	74211.0
-1963	75307.0	73818.0
-1962	75384.0	73884.0
-1961	75301.0	74057.0
-1960	75514.0	73883.0
-1959	75458.0	74105.0
-1958	75498.0	74013.0
-1957	75557.0	73701.0
-1956	75376.0	73412.0
-1955	75339.0	73461.0
-1954	75476.0	73591.0
-1953	75345.0	73708.0
-1952	75362.0	73331.0
-1951	75499.0	73730.0
-1950	75184.0	73880.0
-1949	75353.0	73699.0
-1948	75495.0	73628.0
-1947	75503.0	73472.0
-1946	75615.0	73349.0
-1945	75412.0	73482.0
-1944	75136.0	73720.0
-1943	75161.0	73280.0
-1942	75370.0	73460.0
-1941	75580.0	73441.0
-1940	75563.0	73471.0
-1939	75395.0	73694.0
-1938	75305.0	73150.0
-1937	75465.0	73767.0
-1936	75178.0	73338.0
-1935	75245.0	73361.0
-1934	75194.0	73238.0
-1933	75365.0	73243.0
-1932	75297.0	73275.0
-1931	75593.0	73524.0
-1930	75088.0	73437.0
-1929	75403.0	73407.0
-1928	75301.0	72886.0
-1927	75269.0	72938.0
-1926	75433.0	72955.0
-1925	75079.0	73108.0
-1924	74901.0	73164.0
-1923	74866.0	73246.0
-1922	74939.0	73262.0
-1921	75556.0	72967.0
-1920	75490.0	73300.0
-1919	74802.0	73003.0
-1918	75380.0	73213.0
-1917	75406.0	73011.0
-1916	75069.0	72983.0
-1915	75058.0	72971.0
-1914	75146.0	73259.0
-1913	75284.0	73202.0
-1912	75305.0	73006.0
-1911	75099.0	73393.0
-1910	75041.0	73024.0
-1909	74952.0	72742.0
-1908	75054.0	73251.0
-1907	74957.0	73002.0
-1906	74871.0	72997.0
-1905	74821.0	73006.0
-1904	75246.0	73314.0
-1903	74656.0	73228.0
-1902	74710.0	73094.0
-1901	74678.0	72805.0
-1900	75088.0	72818.0
-1899	74731.0	72720.0
-1898	74885.0	72652.0
-1897	74729.0	72724.0
-1896	74641.0	72822.0
-1895	75189.0	73213.0
-1894	74961.0	73050.0
-1893	74539.0	72960.0
-1892	74673.0	72934.0
-1891	74776.0	73011.0
-1890	74765.0	72718.0
-1889	75077.0	72812.0
-1888	74727.0	72802.0
-1887	74480.0	73060.0
-1886	74776.0	72832.0
-1885	74428.0	72790.0
-1884	74519.0	72763.0
-1883	74476.0	72423.0
-1882	74457.0	72590.0
-1881	74484.0	72628.0
-1880	74499.0	72628.0
-1879	74227.0	72860.0
-1878	74302.0	72784.0
-1877	74180.0	72629.0
-1876	74005.0	73251.0
-1875	74358.0	73108.0
-1874	74151.0	72886.0
-1873	74479.0	72983.0
-1872	73806.0	72883.0
-1871	74098.0	72550.0
-1870	74547.0	72869.0
-1869	74067.0	72959.0
-1868	74065.0	72654.0
-1867	74332.0	72826.0
-1866	74401.0	72991.0
-1865	73856.0	72723.0
-1864	74067.0	72833.0
-1863	73908.0	72691.0
-1862	73586.0	73240.0
-1861	74030.0	72789.0
-1860	73719.0	73057.0
-1859	73918.0	72800.0
-1858	73693.0	72777.0
-1857	73938.0	72736.0
-1856	73294.0	72760.0
-1855	73825.0	73293.0
-1854	73908.0	72835.0
-1853	73458.0	72822.0
-1852	73759.0	73076.0
-1851	73290.0	73152.0
-1850	73481.0	72516.0
-1849	73540.0	72784.0
-1848	73602.0	73304.0
-1847	73970.0	73246.0
-1846	73307.0	72831.0
-1845	73525.0	73036.0
-1844	73127.0	72815.0
-1843	73315.0	73636.0
-1842	73282.0	72857.0
-1841	73422.0	72673.0
-1840	73340.0	72970.0
-1839	73383.0	72988.0
-1838	72954.0	73310.0
-1837	73426.0	72850.0
-1836	72743.0	73162.0
-1835	73119.0	73022.0
-1834	73016.0	73224.0
-1833	73035.0	73315.0
-1832	73017.0	73319.0
-1831	73208.0	73149.0
-1830	72783.0	73191.0
-1829	72560.0	73501.0
-1828	72673.0	73186.0
-1827	72837.0	73634.0
-1826	72800.0	73029.0
-1825	72570.0	73095.0
-1824	72460.0	73218.0
-1823	72883.0	73315.0
-1822	72466.0	73160.0
-1821	73115.0	72894.0
-1820	72664.0	73116.0
-1819	72566.0	73130.0
-1818	72651.0	73282.0
-1817	72517.0	73140.0
-1816	72518.0	73212.0
-1815	72638.0	73693.0
-1814	72597.0	73678.0
-1813	72276.0	73267.0
-1812	72090.0	73292.0
-1811	72256.0	73347.0
-1810	72162.0	73299.0
-1809	72590.0	73564.0
-1808	72231.0	73283.0
-1807	72310.0	73428.0
-1806	71998.0	73642.0
-1805	72147.0	73068.0
-1804	72333.0	73576.0
-1803	71989.0	73137.0
-1802	71861.0	73392.0
-1801	72362.0	73559.0
-1800	71957.0	73590.0
-1799	71902.0	74107.0
-1798	72255.0	74008.0
-1797	72374.0	73831.0
-1796	72058.0	73768.0
-1795	71936.0	73782.0
-1794	71720.0	73837.0
-1793	71786.0	73675.0
-1792	72052.0	73750.0
-1791	71895.0	73369.0
-1790	71869.0	73761.0
-1789	71875.0	73665.0
-1788	71687.0	73833.0
-1787	71691.0	73893.0
-1786	71587.0	73665.0
-1785	71348.0	73753.0
-1784	71689.0	74336.0
-1783	71848.0	73897.0
-1782	71707.0	73884.0
-1781	71548.0	74030.0
-1780	71620.0	73834.0
-1779	71385.0	74109.0
-1778	71745.0	73871.0
-1777	71661.0	74011.0
-1776	71446.0	73694.0
-1775	71874.0	73701.0
-1774	71637.0	73818.0
-1773	71427.0	74306.0
-1772	71550.0	74312.0
-1771	71192.0	74104.0
-1770	71350.0	73587.0
-1769	71601.0	74231.0
-1768	71293.0	74138.0
-1767	71514.0	73757.0
-1766	71755.0	74200.0
-1765	71595.0	73999.0
-1764	71165.0	73884.0
-1763	71439.0	73907.0
-1762	71278.0	73831.0
-1761	71356.0	73835.0
-1760	71306.0	73993.0
-1759	71344.0	73979.0
-1758	71160.0	73853.0
-1757	71217.0	74074.0
-1756	71378.0	74229.0
-1755	71010.0	73812.0
-1754	70929.0	73990.0
-1753	70929.0	73868.0
-1752	71133.0	74393.0
-1751	71018.0	74149.0
-1750	71192.0	74195.0
-1749	70842.0	74025.0
-1748	71506.0	74204.0
-1747	71037.0	73901.0
-1746	71330.0	74480.0
-1745	71207.0	73900.0
-1744	71049.0	73638.0
-1743	71154.0	73857.0
-1742	70899.0	73660.0
-1741	71139.0	73645.0
-1740	70574.0	74416.0
-1739	71160.0	73926.0
-1738	70690.0	74344.0
-1737	70900.0	74108.0
-1736	71003.0	74393.0
-1735	71250.0	74410.0
-1734	70683.0	74289.0
-1733	70920.0	74566.0
-1732	71147.0	73953.0
-1731	70869.0	74281.0
-1730	70815.0	74086.0
-1729	70782.0	74605.0
-1728	70830.0	73826.0
-1727	70832.0	74398.0
-1726	70607.0	73821.0
-1725	70404.0	74019.0
-1724	70667.0	74345.0
-1723	70570.0	74065.0
-1722	70750.0	74337.0
-1721	70734.0	74009.0
-1720	70647.0	74173.0
-1719	70835.0	74411.0
-1718	70842.0	74436.0
-1717	70728.0	74010.0
-1716	70742.0	74077.0
-1715	70634.0	74459.0
-1714	70724.0	74446.0
-1713	70671.0	74126.0
-1712	70491.0	74110.0
-1711	70801.0	74276.0
-1710	70654.0	74033.0
-1709	70746.0	74359.0
-1708	70446.0	74338.0
-1707	70163.0	73764.0
-1706	70321.0	74163.0
-1705	70487.0	74211.0
-1704	70451.0	73860.0
-1703	70470.0	73917.0
-1702	70733.0	74030.0
-1701	70540.0	74318.0
-1700	70400.0	73946.0
-1699	70492.0	74208.0
-1698	70599.0	74065.0
-1697	70172.0	74327.0
-1696	70452.0	73866.0
-1695	70785.0	74105.0
-1694	70945.0	73853.0
-1693	70275.0	73996.0
-1692	70085.0	73796.0
-1691	70247.0	74000.0
-1690	70283.0	73741.0
-1689	70445.0	73763.0
-1688	70129.0	73836.0
-1687	70201.0	73625.0
-1686	70551.0	73757.0
-1685	70710.0	73762.0
-1684	70315.0	73626.0
-1683	70012.0	74059.0
-1682	70408.0	73814.0
-1681	70369.0	73821.0
-1680	70525.0	73916.0
-1679	70230.0	73622.0
-1678	70349.0	73889.0
-1677	69872.0	73376.0
-1676	69905.0	73879.0
-1675	69819.0	73850.0
-1674	70097.0	73751.0
-1673	70314.0	73841.0
-1672	69994.0	73797.0
-1671	70213.0	73516.0
-1670	69952.0	73817.0
-1669	69973.0	73642.0
-1668	70072.0	73680.0
-1667	70021.0	73430.0
-1666	70435.0	73424.0
-1665	70192.0	73652.0
-1664	69782.0	73090.0
-1663	70050.0	73394.0
-1662	70305.0	73450.0
-1661	70206.0	73559.0
-1660	69759.0	73673.0
-1659	69927.0	73611.0
-1658	70114.0	73193.0
-1657	70231.0	73671.0
-1656	69834.0	73514.0
-1655	70092.0	73459.0
-1654	69567.0	73814.0
-1653	69837.0	73496.0
-1652	69747.0	73464.0
-1651	69910.0	73319.0
-1650	69831.0	73345.0
-1649	70082.0	73323.0
-1648	70171.0	72976.0
-1647	70023.0	72852.0
-1646	70277.0	73401.0
-1645	69901.0	73469.0
-1644	70109.0	73606.0
-1643	69878.0	73136.0
-1642	70153.0	73038.0
-1641	70236.0	73109.0
-1640	70050.0	73188.0
-1639	69862.0	73116.0
-1638	70027.0	73006.0
-1637	69403.0	73167.0
-1636	69787.0	73159.0
-1635	69801.0	72987.0
-1634	70033.0	73384.0
-1633	70073.0	72436.0
-1632	69957.0	72877.0
-1631	69803.0	73241.0
-1630	69832.0	72862.0
-1629	69726.0	72801.0
-1628	69868.0	72542.0
-1627	69947.0	72614.0
-1626	69696.0	72855.0
-1625	69870.0	72622.0
-1624	69844.0	72736.0
-1623	70132.0	72613.0
-1622	69943.0	72656.0
-1621	69468.0	72750.0
-1620	69863.0	72537.0
-1619	69914.0	72735.0
-1618	69610.0	72604.0
-1617	69772.0	72522.0
-1616	70266.0	72825.0
-1615	69979.0	72584.0
-1614	69869.0	72455.0
-1613	69780.0	72456.0
-1612	69872.0	72326.0
-1611	69824.0	72541.0
-1610	70012.0	72665.0
-1609	69466.0	72828.0
-1608	69422.0	72578.0
-1607	69965.0	71953.0
-1606	69630.0	72547.0
-1605	69822.0	71888.0
-1604	69700.0	72226.0
-1603	69562.0	72332.0
-1602	69771.0	72221.0
-1601	69658.0	72186.0
-1600	69605.0	71981.0
-1599	69704.0	72177.0
-1598	69767.0	72305.0
-1597	69590.0	72187.0
-1596	69722.0	71821.0
-1595	69540.0	71551.0
-1594	69957.0	71807.0
-1593	69806.0	71383.0
-1592	69527.0	72129.0
-1591	69488.0	71802.0
-1590	69491.0	71343.0
-1589	69625.0	72135.0
-1588	69561.0	71512.0
-1587	69575.0	71961.0
-1586	69455.0	71736.0
-1585	69837.0	71604.0
-1584	69391.0	71574.0
-1583	69516.0	71294.0
-1582	69672.0	71282.0
-1581	69570.0	71613.0
-1580	69844.0	71120.0
-1579	69804.0	71315.0
-1578	69497.0	71463.0
-1577	69425.0	71063.0
-1576	69878.0	71320.0
-1575	69087.0	71393.0
-1574	69500.0	71233.0
-1573	69084.0	71187.0
-1572	69009.0	70951.0
-1571	69247.0	71267.0
-1570	69506.0	71267.0
-1569	69248.0	70953.0
-1568	69539.0	71513.0
-1567	69217.0	71333.0
-1566	69362.0	71317.0
-1565	69329.0	71468.0
-1564	69208.0	71191.0
-1563	69848.0	70886.0
-1562	69559.0	70977.0
-1561	69307.0	71032.0
-1560	69736.0	70942.0
-1559	68930.0	71379.0
-1558	69232.0	70736.0
-1557	69800.0	70822.0
-1556	69159.0	71006.0
-1555	69270.0	70460.0
-1554	69478.0	70937.0
-1553	69162.0	70632.0
-1552	69355.0	71159.0
-1551	69231.0	70836.0
-1550	69588.0	70902.0
-1549	69351.0	70518.0
-1548	69265.0	70864.0
-1547	69365.0	70892.0
-1546	69225.0	70632.0
-1545	69057.0	70405.0
-1544	69273.0	70266.0
-1543	69213.0	71122.0
-1542	69527.0	70886.0
-1541	69129.0	70452.0
-1540	69600.0	70531.0
-1539	69137.0	70280.0
-1538	69117.0	70604.0
-1537	69479.0	70580.0
-1536	69385.0	70634.0
-1535	69242.0	70392.0
-1534	69338.0	70561.0
-1533	69274.0	70470.0
-1532	69422.0	70490.0
-1531	69308.0	70328.0
-1530	69510.0	70108.0
-1529	69501.0	70359.0
-1528	69634.0	70310.0
-1527	69335.0	70265.0
-1526	69297.0	70270.0
-1525	69203.0	69997.0
-1524	69259.0	70194.0
-1523	69351.0	70359.0
-1522	69363.0	70009.0
-1521	69330.0	70229.0
-1520	69429.0	70417.0
-1519	69506.0	70274.0
-1518	69359.0	70001.0
-1517	69383.0	69993.0
-1516	69224.0	70156.0
-1515	69676.0	69778.0
-1514	69173.0	69751.0
-1513	69219.0	69767.0
-1512	69229.0	70001.0
-1511	69268.0	70068.0
-1510	69317.0	69801.0
-1509	69282.0	70030.0
-1508	69119.0	70086.0
-1507	69841.0	69468.0
-1506	69778.0	69690.0
-1505	69393.0	69873.0
-1504	69243.0	69662.0
-1503	69486.0	69922.0
-1502	69352.0	69883.0
-1501	69431.0	69581.0
-1500	69146.0	69875.0
-1499	69408.0	69560.0
-1498	69174.0	69674.0
-1497	69110.0	69644.0
-1496	69479.0	70204.0
-1495	68909.0	69656.0
-1494	69423.0	69741.0
-1493	69401.0	69669.0
-1492	69246.0	69607.0
-1491	69488.0	69707.0
-1490	69172.0	69911.0
-1489	69548.0	69966.0
-1488	69411.0	69736.0
-1487	69664.0	69608.0
-1486	69729.0	69996.0
-1485	69439.0	69473.0
-1484	69594.0	69655.0
-1483	69305.0	69581.0
-1482	69387.0	69497.0
-1481	69197.0	69452.0
-1480	69500.0	69515.0
-1479	69573.0	69519.0
-1478	69392.0	69722.0
-1477	69720.0	69430.0
-1476	69438.0	69647.0
-1475	69630.0	69609.0
-1474	69669.0	69500.0
-1473	69703.0	69720.0
-1472	69580.0	69749.0
-1471	69583.0	69791.0
-1470	69750.0	69688.0
-1469	69807.0	69468.0
-1468	69785.0	69417.0
-1467	69718.0	69450.0
-1466	69717.0	69446.0
-1465	69940.0	69035.0
-1464	70184.0	69415.0
-1463	69852.0	69257.0
-1462	69740.0	69752.0
-1461	69776.0	69326.0
-1460	69597.0	69283.0
-1459	70002.0	69440.0
-1458	69751.0	69560.0
-1457	69750.0	69064.0
-1456	70084.0	69398.0
-1455	69844.0	69341.0
-1454	69555.0	69093.0
-1453	70181.0	69440.0
-1452	70020.0	69072.0
-1451	70086.0	69194.0
-1450	70297.0	69237.0
-1449	69896.0	69177.0
-1448	70056.0	69571.0
-1447	69608.0	69002.0
-1446	69869.0	68845.0
-1445	70161.0	69118.0
-1444	70033.0	69439.0
-1443	69893.0	69444.0
-1442	70025.0	68972.0
-1441	70228.0	69350.0
-1440	70229.0	69205.0
-1439	70240.0	68887.0
-1438	69979.0	68977.0
-1437	69950.0	68995.0
-1436	70025.0	69132.0
-1435	70342.0	69052.0
-1434	69936.0	69029.0
-1433	70284.0	69085.0
-1432	70258.0	68952.0
-1431	70299.0	68262.0
-1430	70295.0	68735.0
-1429	70225.0	69028.0
-1428	70404.0	68725.0
-1427	70822.0	69132.0
-1426	70524.0	68647.0
-1425	70454.0	69067.0
-1424	70127.0	68865.0
-1423	70483.0	68441.0
-1422	70517.0	69058.0
-1421	70077.0	68813.0
-1420	70277.0	68672.0
-1419	70467.0	68886.0
-1418	70362.0	68730.0
-1417	70526.0	68632.0
-1416	70759.0	68890.0
-1415	70806.0	69074.0
-1414	70799.0	68781.0
-1413	70990.0	68874.0
-1412	70896.0	69362.0
-1411	70567.0	68686.0
-1410	71078.0	68965.0
-1409	70713.0	68698.0
-1408	70572.0	68282.0
-1407	70744.0	68511.0
-1406	70595.0	68616.0
-1405	70596.0	68725.0
-1404	70561.0	68995.0
-1403	70462.0	68612.0
-1402	70495.0	68436.0
-1401	70772.0	68560.0
-1400	70918.0	68519.0
-1399	70417.0	68487.0
-1398	70847.0	68275.0
-1397	70705.0	68579.0
-1396	70664.0	68591.0
-1395	70737.0	68533.0
-1394	70563.0	68734.0
-1393	71097.0	68203.0
-1392	71040.0	68463.0
-1391	70851.0	68132.0
-1390	70713.0	68372.0
-1389	70926.0	68595.0
-1388	70792.0	68554.0
-1387	71071.0	68388.0
-1386	70806.0	68411.0
-1385	70950.0	68419.0
-1384	70260.0	68029.0
-1383	70938.0	68196.0
-1382	70904.0	68361.0
-1381	70994.0	68201.0
-1380	70887.0	67933.0
-1379	70973.0	68239.0
-1378	70850.0	67974.0
-1377	70684.0	67811.0
-1376	71441.0	67920.0
-1375	71102.0	68061.0
-1374	70835.0	67764.0
-1373	71406.0	68236.0
-1372	71137.0	67894.0
-1371	70914.0	67862.0
-1370	70907.0	67805.0
-1369	70761.0	67847.0
-1368	70554.0	67686.0
-1367	71276.0	67521.0
-1366	70893.0	67798.0
-1365	70827.0	67891.0
-1364	70967.0	67742.0
-1363	70954.0	67636.0
-1362	70982.0	68094.0
-1361	70760.0	67853.0
-1360	70880.0	67719.0
-1359	70754.0	67648.0
-1358	70921.0	67699.0
-1357	70958.0	67645.0
-1356	70838.0	67716.0
-1355	70871.0	67650.0
-1354	70747.0	67968.0
-1353	71093.0	67982.0
-1352	70826.0	67650.0
-1351	70858.0	67700.0
-1350	71057.0	67818.0
-1349	70725.0	67695.0
-1348	70973.0	67874.0
-1347	70603.0	67581.0
-1346	70789.0	67674.0
-1345	71031.0	67385.0
-1344	70632.0	67734.0
-1343	70639.0	67635.0
-1342	70689.0	67369.0
-1341	70651.0	67535.0
-1340	70982.0	67363.0
-1339	70757.0	67480.0
-1338	70842.0	67965.0
-1337	70990.0	67665.0
-1336	70865.0	67920.0
-1335	70848.0	68075.0
-1334	70881.0	67829.0
-1333	70789.0	67566.0
-1332	71028.0	67467.0
-1331	71095.0	67775.0
-1330	70603.0	67886.0
-1329	71010.0	67997.0
-1328	70740.0	67573.0
-1327	70857.0	67499.0
-1326	70515.0	67786.0
-1325	70798.0	67733.0
-1324	71137.0	67715.0
-1323	70549.0	67479.0
-1322	71092.0	68020.0
-1321	70984.0	67605.0
-1320	70956.0	67915.0
-1319	70771.0	67845.0
-1318	70802.0	67704.0
-1317	71078.0	67687.0
-1316	70590.0	67872.0
-1315	70727.0	67731.0
-1314	70795.0	67906.0
-1313	70926.0	67589.0
-1312	71047.0	67728.0
-1311	70497.0	67989.0
-1310	71074.0	67394.0
-1309	70669.0	67892.0
-1308	71101.0	67941.0
-1307	70902.0	67883.0
-1306	70943.0	67786.0
-1305	71281.0	67791.0
-1304	70950.0	68153.0
-1303	70802.0	68204.0
-1302	70481.0	68004.0
-1301	70829.0	67956.0
-1300	70525.0	67857.0
-1299	70997.0	67961.0
-1298	70606.0	68365.0
-1297	70766.0	68062.0
-1296	70495.0	68187.0
-1295	70951.0	67864.0
-1294	70429.0	68216.0
-1293	71032.0	67857.0
-1292	70735.0	68268.0
-1291	70615.0	67927.0
-1290	71070.0	68062.0
-1289	70709.0	68469.0
-1288	70771.0	68196.0
-1287	70614.0	68193.0
-1286	70968.0	67750.0
-1285	70778.0	68368.0
-1284	70862.0	68153.0
-1283	70833.0	68034.0
-1282	70638.0	68195.0
-1281	70594.0	68073.0
-1280	70700.0	68031.0
-1279	70890.0	68025.0
-1278	71083.0	68352.0
-1277	71137.0	68345.0
-1276	70735.0	68270.0
-1275	70883.0	68079.0
-1274	71052.0	68067.0
-1273	70320.0	68502.0
-1272	70616.0	68157.0
-1271	70752.0	67940.0
-1270	71278.0	68406.0
-1269	71100.0	68407.0
-1268	71243.0	68557.0
-1267	70859.0	68178.0
-1266	71098.0	68156.0
-1265	70970.0	68122.0
-1264	70622.0	68195.0
-1263	70926.0	68037.0
-1262	71141.0	68537.0
-1261	70687.0	68323.0
-1260	70855.0	68359.0
-1259	71047.0	68080.0
-1258	70884.0	68127.0
-1257	70972.0	68071.0
-1256	70754.0	68578.0
-1255	71157.0	68360.0
-1254	70867.0	68280.0
-1253	70955.0	68581.0
-1252	70770.0	68246.0
-1251	70758.0	68475.0
-1250	70605.0	68218.0
-1249	70671.0	68357.0
-1248	70997.0	68602.0
-1247	70690.0	68427.0
-1246	70704.0	68102.0
-1245	70465.0	68432.0
-1244	70680.0	68681.0
-1243	71284.0	68562.0
-1242	70987.0	68617.0
-1241	70845.0	68425.0
-1240	70462.0	68475.0
-1239	70671.0	68611.0
-1238	70810.0	68665.0
-1237	70701.0	68536.0
-1236	70890.0	68521.0
-1235	70574.0	68851.0
-1234	70294.0	68694.0
-1233	70750.0	68382.0
-1232	70417.0	68422.0
-1231	70321.0	68615.0
-1230	70639.0	68447.0
-1229	70765.0	68799.0
-1228	70820.0	68895.0
-1227	70403.0	68965.0
-1226	70810.0	68476.0
-1225	70523.0	68715.0
-1224	70950.0	68822.0
-1223	70774.0	68669.0
-1222	71022.0	68902.0
-1221	70908.0	68785.0
-1220	70743.0	68770.0
-1219	70932.0	68441.0
-1218	70883.0	69079.0
-1217	70723.0	68921.0
-1216	70987.0	68408.0
-1215	70647.0	68541.0
-1214	70692.0	68737.0
-1213	70737.0	68512.0
-1212	70967.0	68671.0
-1211	71137.0	68905.0
-1210	70802.0	68999.0
-1209	71231.0	68739.0
-1208	71003.0	68767.0
-1207	70857.0	68928.0
-1206	70743.0	68745.0
-1205	71009.0	68749.0
-1204	71160.0	68843.0
-1203	70800.0	69139.0
-1202	71040.0	69038.0
-1201	70578.0	68829.0
-1200	71067.0	68908.0
-1199	70815.0	69190.0
-1198	70892.0	68959.0
-1197	70750.0	69177.0
-1196	71151.0	69121.0
-1195	70477.0	68979.0
-1194	70670.0	68973.0
-1193	70804.0	69112.0
-1192	70917.0	69083.0
-1191	70904.0	69055.0
-1190	70844.0	68969.0
-1189	70650.0	69195.0
-1188	70688.0	69368.0
-1187	71097.0	69040.0
-1186	70892.0	68908.0
-1185	70604.0	68661.0
-1184	70889.0	68809.0
-1183	70585.0	69373.0
-1182	71155.0	68952.0
-1181	71098.0	69113.0
-1180	70598.0	68969.0
-1179	70546.0	69065.0
-1178	70815.0	69052.0
-1177	71178.0	68965.0
-1176	70698.0	69067.0
-1175	70545.0	68748.0
-1174	70990.0	68660.0
-1173	71068.0	69195.0
-1172	71060.0	68922.0
-1171	71339.0	68899.0
-1170	70965.0	69094.0
-1169	70892.0	69247.0
-1168	71027.0	68980.0
-1167	70710.0	68809.0
-1166	70999.0	68971.0
-1165	71216.0	69238.0
-1164	71250.0	69026.0
-1163	70935.0	68881.0
-1162	70997.0	69007.0
-1161	70865.0	69323.0
-1160	70926.0	69086.0
-1159	70723.0	69121.0
-1158	70932.0	69259.0
-1157	70797.0	68708.0
-1156	70915.0	68907.0
-1155	70921.0	68874.0
-1154	70838.0	69022.0
-1153	71033.0	68985.0
-1152	70680.0	69113.0
-1151	71240.0	68940.0
-1150	71054.0	69118.0
-1149	71241.0	69278.0
-1148	71008.0	69098.0
-1147	71356.0	68938.0
-1146	71017.0	68812.0
-1145	70942.0	69346.0
-1144	71094.0	69022.0
-1143	71139.0	69003.0
-1142	70933.0	68964.0
-1141	71036.0	69229.0
-1140	71156.0	69039.0
-1139	71385.0	69196.0
-1138	70784.0	69181.0
-1137	71317.0	68618.0
-1136	71169.0	69288.0
-1135	71404.0	68743.0
-1134	71261.0	68958.0
-1133	71117.0	68907.0
-1132	70946.0	69036.0
-1131	71488.0	68825.0
-1130	71047.0	69214.0
-1129	71017.0	69003.0
-1128	71081.0	68959.0
-1127	70898.0	69080.0
-1126	71183.0	69334.0
-1125	71369.0	68747.0
-1124	70837.0	69073.0
-1123	71148.0	68679.0
-1122	71673.0	69008.0
-1121	71211.0	69295.0
-1120	71230.0	69127.0
-1119	71281.0	68622.0
-1118	71471.0	68733.0
-1117	71310.0	69153.0
-1116	71486.0	68528.0
-1115	71497.0	68968.0
-1114	71775.0	68729.0
-1113	71375.0	68896.0
-1112	71256.0	69220.0
-1111	71485.0	69060.0
-1110	71145.0	69112.0
-1109	71289.0	68789.0
-1108	71459.0	69247.0
-1107	71596.0	68455.0
-1106	71408.0	69075.0
-1105	71107.0	68858.0
-1104	71356.0	68958.0
-1103	71460.0	68616.0
-1102	71119.0	68759.0
-1101	71828.0	68702.0
-1100	71208.0	69019.0
-1099	71550.0	68546.0
-1098	71510.0	68801.0
-1097	71543.0	68995.0
-1096	71747.0	68654.0
-1095	71450.0	68465.0
-1094	71379.0	68536.0
-1093	71576.0	68630.0
-1092	71649.0	68738.0
-1091	71398.0	68750.0
-1090	71558.0	68635.0
-1089	71648.0	68664.0
-1088	71425.0	68752.0
-1087	71588.0	68756.0
-1086	71701.0	68948.0
-1085	71474.0	68600.0
-1084	71580.0	68934.0
-1083	71589.0	68887.0
-1082	71702.0	68503.0
-1081	71757.0	68495.0
-1080	71783.0	68587.0
-1079	71772.0	68440.0
-1078	71711.0	68951.0
-1077	71764.0	68470.0
-1076	71868.0	68630.0
-1075	71827.0	68690.0
-1074	71961.0	68975.0
-1073	71897.0	68329.0
-1072	71742.0	68820.0
-1071	71968.0	68737.0
-1070	71739.0	68829.0
-1069	71679.0	68736.0
-1068	71896.0	68714.0
-1067	71583.0	68893.0
-1066	71822.0	68737.0
-1065	72070.0	68209.0
-1064	71779.0	68493.0
-1063	71839.0	68225.0
-1062	71922.0	68146.0
-1061	71975.0	68607.0
-1060	71684.0	68216.0
-1059	71935.0	68323.0
-1058	71847.0	68712.0
-1057	71428.0	68170.0
-1056	71704.0	68940.0
-1055	72107.0	68517.0
-1054	71557.0	68133.0
-1053	71933.0	68851.0
-1052	71764.0	68148.0
-1051	71862.0	68155.0
-1050	72112.0	68323.0
-1049	71833.0	68020.0
-1048	71840.0	68553.0
-1047	72039.0	68246.0
-1046	72062.0	68313.0
-1045	72247.0	68042.0
-1044	72091.0	67988.0
-1043	71839.0	68139.0
-1042	72004.0	68348.0
-1041	72387.0	68279.0
-1040	71510.0	68012.0
-1039	71842.0	68069.0
-1038	72187.0	68185.0
-1037	71795.0	68392.0
-1036	71886.0	67997.0
-1035	71650.0	68020.0
-1034	72144.0	67900.0
-1033	72112.0	68039.0
-1032	72478.0	67911.0
-1031	71914.0	67877.0
-1030	71967.0	68078.0
-1029	71931.0	67924.0
-1028	71944.0	67913.0
-1027	72205.0	68026.0
-1026	71914.0	67974.0
-1025	72301.0	68173.0
-1024	72432.0	68181.0
-1023	72185.0	68340.0
-1022	72155.0	67900.0
-1021	72272.0	68139.0
-1020	71920.0	68074.0
-1019	72435.0	68325.0
-1018	71704.0	67994.0
-1017	72020.0	68318.0
-1016	71944.0	68137.0
-1015	71781.0	68004.0
-1014	71923.0	67876.0
-1013	72017.0	68229.0
-1012	71879.0	68102.0
-1011	72232.0	67920.0
-1010	72354.0	68071.0
-1009	71695.0	67674.0
-1008	71761.0	67761.0
-1007	72050.0	68067.0
-1006	71797.0	67856.0
-1005	72140.0	67980.0
-1004	71895.0	67731.0
-1003	71671.0	67713.0
-1002	71540.0	67891.0
-1001	71831.0	67906.0
-1000	72038.0	68091.0
-999	72118.0	67875.0
-998	71971.0	68127.0
-997	71606.0	67706.0
-996	71849.0	67719.0
-995	71714.0	68086.0
-994	71716.0	67696.0
-993	71895.0	67819.0
-992	71907.0	68027.0
-991	71611.0	67844.0
-990	71724.0	67846.0
-989	71770.0	67811.0
-988	71622.0	67686.0
-987	71566.0	67564.0
-986	71623.0	67814.0
-985	71812.0	67680.0
-984	72019.0	68162.0
-983	71226.0	68062.0
-982	71502.0	68157.0
-981	71676.0	67397.0
-980	71409.0	67915.0
-979	71189.0	67601.0
-978	71649.0	67562.0
-977	71589.0	67318.0
-976	71518.0	67562.0
-975	71284.0	67765.0
-974	71153.0	67744.0
-973	71519.0	67640.0
-972	71488.0	67888.0
-971	71438.0	67904.0
-970	71757.0	67903.0
-969	71591.0	67749.0
-968	71196.0	67546.0
-967	71440.0	67896.0
-966	71250.0	67774.0
-965	71277.0	67616.0
-964	71557.0	67638.0
-963	71346.0	68039.0
-962	71283.0	67628.0
-961	71211.0	67999.0
-960	70863.0	67620.0
-959	71152.0	67774.0
-958	71116.0	67622.0
-957	70689.0	67843.0
-956	71366.0	67831.0
-955	70950.0	67647.0
-954	70861.0	68230.0
-953	70605.0	67703.0
-952	70728.0	67852.0
-951	70718.0	67564.0
-950	70988.0	67870.0
-949	70845.0	68248.0
-948	70252.0	67799.0
-947	70752.0	67873.0
-946	70770.0	68021.0
-945	70720.0	67833.0
-944	70626.0	67467.0
-943	70764.0	67708.0
-942	70026.0	67739.0
-941	70564.0	68064.0
-940	70344.0	67544.0
-939	70198.0	67608.0
-938	70561.0	67840.0
-937	70249.0	67643.0
-936	70140.0	67910.0
-935	70113.0	68185.0
-934	70110.0	67744.0
-933	70310.0	67744.0
-932	69789.0	67907.0
-931	70131.0	67777.0
-930	69910.0	67935.0
-929	70362.0	67821.0
-928	69518.0	67714.0
-927	70125.0	67775.0
-926	69657.0	67740.0
-925	69733.0	68044.0
-924	69596.0	67807.0
-923	69659.0	67796.0
-922	69616.0	67568.0
-921	70066.0	67604.0
-920	69624.0	67570.0
-919	69485.0	67876.0
-918	69716.0	67907.0
-917	69474.0	67940.0
-916	69334.0	67985.0
-915	69485.0	67978.0
-914	69236.0	68133.0
-913	68975.0	68010.0
-912	69387.0	68018.0
-911	69655.0	67480.0
-910	69257.0	68080.0
-909	69070.0	67864.0
-908	69530.0	68030.0
-907	69152.0	67650.0
-906	69043.0	67744.0
-905	69388.0	67768.0
-904	69014.0	68068.0
-903	69164.0	68270.0
-902	69007.0	68292.0
-901	68953.0	67907.0
-900	68945.0	68229.0
-899	69155.0	67929.0
-898	68918.0	68015.0
-897	69077.0	67739.0
-896	68873.0	68277.0
-895	68725.0	67819.0
-894	68436.0	67792.0
-893	68646.0	68006.0
-892	68659.0	68070.0
-891	68356.0	67750.0
-890	68622.0	67935.0
-889	68345.0	68056.0
-888	68276.0	67825.0
-887	68349.0	68045.0
-886	68467.0	68108.0
-885	68327.0	67858.0
-884	68164.0	68145.0
-883	68172.0	68004.0
-882	68434.0	67882.0
-881	68482.0	68389.0
-880	68132.0	67864.0
-879	68352.0	67771.0
-878	68055.0	68103.0
-877	68133.0	68039.0
-876	67994.0	68083.0
-875	68129.0	68127.0
-874	67530.0	68030.0
-873	67837.0	68117.0
-872	67795.0	68214.0
-871	67703.0	68148.0
-870	68049.0	67942.0
-869	67807.0	67828.0
-868	68133.0	68050.0
-867	67844.0	68067.0
-866	67684.0	68204.0
-865	67725.0	68331.0
-864	67816.0	67954.0
-863	67496.0	67902.0
-862	67782.0	68267.0
-861	67294.0	67957.0
-860	67801.0	68171.0
-859	67830.0	68386.0
-858	67669.0	68202.0
-857	67218.0	68085.0
-856	67807.0	67804.0
-855	67115.0	68402.0
-854	67270.0	68063.0
-853	67461.0	68056.0
-852	67400.0	68078.0
-851	67098.0	68237.0
-850	67478.0	68451.0
-849	67198.0	68281.0
-848	67053.0	67751.0
-847	67348.0	68579.0
-846	67147.0	68136.0
-845	67112.0	68260.0
-844	66836.0	68129.0
-843	67124.0	68426.0
-842	66805.0	68231.0
-841	67063.0	68070.0
-840	67234.0	68155.0
-839	66824.0	68464.0
-838	66659.0	68335.0
-837	66877.0	68388.0
-836	66501.0	68383.0
-835	66280.0	68482.0
-834	66599.0	68365.0
-833	67153.0	68255.0
-832	66652.0	68531.0
-831	66749.0	68204.0
-830	66297.0	68362.0
-829	66817.0	68206.0
-828	66147.0	68336.0
-827	66800.0	68524.0
-826	66619.0	68907.0
-825	66639.0	68412.0
-824	66256.0	68118.0
-823	66352.0	68429.0
-822	66398.0	68286.0
-821	66381.0	68370.0
-820	66045.0	68300.0
-819	66462.0	68555.0
-818	66350.0	68463.0
-817	65823.0	68723.0
-816	66429.0	68299.0
-815	65817.0	68338.0
-814	66058.0	68168.0
-813	65786.0	68357.0
-812	66140.0	68110.0
-811	66385.0	68456.0
-810	65898.0	68240.0
-809	66138.0	68377.0
-808	65914.0	68079.0
-807	65950.0	68394.0
-806	65618.0	68180.0
-805	66043.0	67998.0
-804	65948.0	68083.0
-803	65478.0	68499.0
-802	65939.0	68271.0
-801	65830.0	68139.0
-800	65782.0	68296.0
-799	65927.0	68261.0
-798	65657.0	68042.0
-797	65803.0	68125.0
-796	65319.0	68164.0
-795	66021.0	68123.0
-794	65462.0	68180.0
-793	65658.0	68279.0
-792	65810.0	68349.0
-791	65405.0	68497.0
-790	65707.0	68217.0
-789	65364.0	68239.0
-788	65393.0	68400.0
-787	65458.0	67932.0
-786	65254.0	68065.0
-785	65450.0	68201.0
-784	65230.0	67985.0
-783	65257.0	67983.0
-782	65548.0	68058.0
-781	65054.0	67958.0
-780	65210.0	68032.0
-779	64918.0	67854.0
-778	65732.0	67731.0
-777	65179.0	68076.0
-776	65003.0	68103.0
-775	64845.0	67917.0
-774	65226.0	67888.0
-773	65106.0	68000.0
-772	65250.0	67666.0
-771	65451.0	67862.0
-770	65183.0	67754.0
-769	64935.0	67874.0
-768	64736.0	68110.0
-767	65246.0	67934.0
-766	64962.0	67820.0
-765	65248.0	67750.0
-764	65050.0	67573.0
-763	65228.0	67937.0
-762	65036.0	67440.0
-761	65273.0	67771.0
-760	64811.0	67522.0
-759	64745.0	67733.0
-758	65146.0	67526.0
-757	64728.0	67353.0
-756	64417.0	67846.0
-755	64810.0	67834.0
-754	64542.0	67933.0
-753	64588.0	67560.0
-752	64665.0	67443.0
-751	64782.0	67665.0
-750	64785.0	67510.0
-749	65341.0	67438.0
-748	64631.0	67609.0
-747	64757.0	67473.0
-746	64631.0	67668.0
-745	64764.0	67329.0
-744	64818.0	67741.0
-743	64507.0	67506.0
-742	64754.0	67394.0
-741	64944.0	67360.0
-740	64537.0	67405.0
-739	64630.0	66956.0
-738	64569.0	67277.0
-737	64555.0	67249.0
-736	64496.0	67409.0
-735	64599.0	67380.0
-734	64242.0	67114.0
-733	64584.0	67140.0
-732	64507.0	67041.0
-731	64444.0	67112.0
-730	64419.0	67066.0
-729	64426.0	66810.0
-728	64293.0	67048.0
-727	64512.0	66559.0
-726	64486.0	67028.0
-725	64133.0	66895.0
-724	64503.0	66954.0
-723	64390.0	67407.0
-722	64360.0	66758.0
-721	64407.0	66465.0
-720	64523.0	66823.0
-719	64354.0	66805.0
-718	64445.0	66546.0
-717	64420.0	66631.0
-716	64414.0	66275.0
-715	64678.0	66801.0
-714	64311.0	66542.0
-713	64037.0	66348.0
-712	64238.0	66605.0
-711	64585.0	66290.0
-710	64401.0	66389.0
-709	64610.0	66497.0
-708	64291.0	66369.0
-707	64254.0	66388.0
-706	64476.0	66336.0
-705	64502.0	66448.0
-704	64163.0	66044.0
-703	63998.0	66645.0
-702	64120.0	66463.0
-701	64344.0	66332.0
-700	64284.0	66415.0
-699	64438.0	66121.0
-698	64079.0	66097.0
-697	64184.0	66158.0
-696	64411.0	66295.0
-695	64626.0	66036.0
-694	64335.0	66043.0
-693	64425.0	65620.0
-692	64367.0	65810.0
-691	64494.0	65737.0
-690	64534.0	65771.0
-689	64174.0	65949.0
-688	64484.0	65753.0
-687	64113.0	65649.0
-686	64478.0	65711.0
-685	64782.0	65550.0
-684	64517.0	65299.0
-683	64239.0	65266.0
-682	64582.0	65180.0
-681	64615.0	65218.0
-680	64298.0	65377.0
-679	64195.0	65250.0
-678	64180.0	65327.0
-677	64256.0	65185.0
-676	64502.0	65255.0
-675	64244.0	64814.0
-674	63992.0	65289.0
-673	64500.0	64763.0
-672	63969.0	65228.0
-671	64356.0	65044.0
-670	64785.0	65046.0
-669	64292.0	65224.0
-668	64310.0	65042.0
-667	64620.0	64871.0
-666	64444.0	64900.0
-665	64416.0	64629.0
-664	64619.0	64843.0
-663	64698.0	64881.0
-662	64524.0	64647.0
-661	64889.0	64748.0
-660	64287.0	64649.0
-659	64582.0	64529.0
-658	64822.0	64523.0
-657	64748.0	64367.0
-656	64370.0	64663.0
-655	64625.0	64198.0
-654	64677.0	64089.0
-653	64684.0	64692.0
-652	64341.0	64320.0
-651	64670.0	64459.0
-650	64740.0	64152.0
-649	64493.0	64258.0
-648	64731.0	64251.0
-647	64510.0	64398.0
-646	64364.0	64135.0
-645	64447.0	64166.0
-644	64731.0	63661.0
-643	64657.0	64047.0
-642	64816.0	64046.0
-641	64637.0	63832.0
-640	64177.0	63918.0
-639	64876.0	63634.0
-638	64623.0	63701.0
-637	64697.0	63751.0
-636	64828.0	63718.0
-635	64865.0	63685.0
-634	64372.0	63697.0
-633	64678.0	63473.0
-632	64611.0	63531.0
-631	64612.0	63306.0
-630	64634.0	63554.0
-629	65237.0	63476.0
-628	64575.0	63234.0
-627	64430.0	63224.0
-626	64722.0	63019.0
-625	64461.0	63516.0
-624	65063.0	63366.0
-623	64515.0	63182.0
-622	64713.0	62882.0
-621	64770.0	63230.0
-620	64970.0	62908.0
-619	64635.0	63233.0
-618	64917.0	62809.0
-617	64955.0	62660.0
-616	64821.0	63130.0
-615	64844.0	62799.0
-614	64874.0	62595.0
-613	64841.0	62527.0
-612	64636.0	62594.0
-611	64536.0	62844.0
-610	64762.0	62615.0
-609	64925.0	62593.0
-608	65120.0	62581.0
-607	64791.0	62304.0
-606	65061.0	62405.0
-605	64829.0	62389.0
-604	64790.0	62562.0
-603	64361.0	62542.0
-602	64400.0	61779.0
-601	64648.0	62358.0
-600	65025.0	62253.0
-599	64713.0	62157.0
-598	64742.0	62197.0
-597	64742.0	61809.0
-596	64817.0	61975.0
-595	64717.0	62443.0
-594	65299.0	61892.0
-593	64508.0	62210.0
-592	64962.0	61769.0
-591	64666.0	62019.0
-590	64630.0	61706.0
-589	64480.0	61767.0
-588	64944.0	61933.0
-587	64917.0	61839.0
-586	64537.0	61961.0
-585	64666.0	61552.0
-584	65153.0	61702.0
-583	64843.0	61785.0
-582	64797.0	61540.0
-581	64769.0	61541.0
-580	64904.0	61587.0
-579	64532.0	61446.0
-578	64912.0	61108.0
-577	64972.0	61492.0
-576	64808.0	61363.0
-575	64882.0	61598.0
-574	64994.0	61370.0
-573	64813.0	60901.0
-572	64594.0	61414.0
-571	64902.0	61191.0
-570	64880.0	61319.0
-569	64884.0	60878.0
-568	64792.0	61066.0
-567	64896.0	61209.0
-566	64814.0	61456.0
-565	64782.0	60547.0
-564	64817.0	60988.0
-563	64753.0	61066.0
-562	64862.0	61027.0
-561	64441.0	60976.0
-560	64747.0	60883.0
-559	64754.0	61156.0
-558	65030.0	60955.0
-557	64570.0	60978.0
-556	64951.0	61309.0
-555	64861.0	60854.0
-554	65129.0	60502.0
-553	64546.0	60453.0
-552	64770.0	60762.0
-551	64901.0	60755.0
-550	65083.0	60631.0
-549	64964.0	60266.0
-548	64638.0	60320.0
-547	64816.0	60791.0
-546	65029.0	60300.0
-545	65077.0	60689.0
-544	65085.0	60299.0
-543	64809.0	60319.0
-542	64797.0	60512.0
-541	64816.0	60507.0
-540	64726.0	60453.0
-539	64617.0	60574.0
-538	64539.0	60491.0
-537	64474.0	60546.0
-536	64542.0	60359.0
-535	64660.0	60156.0
-534	64461.0	60619.0
-533	64537.0	60183.0
-532	64733.0	59930.0
-531	64507.0	60049.0
-530	64607.0	60156.0
-529	64358.0	59752.0
-528	64431.0	60028.0
-527	64642.0	60118.0
-526	64512.0	59628.0
-525	64518.0	60068.0
-524	64470.0	59993.0
-523	64540.0	60000.0
-522	64580.0	59721.0
-521	64339.0	59631.0
-520	64442.0	59858.0
-519	64429.0	59498.0
-518	64348.0	59554.0
-517	64251.0	59709.0
-516	64192.0	59574.0
-515	64450.0	59661.0
-514	64295.0	59603.0
-513	64363.0	59499.0
-512	64122.0	59664.0
-511	64581.0	59404.0
-510	64114.0	59667.0
-509	63983.0	59423.0
-508	64390.0	59062.0
-507	64108.0	59834.0
-506	64277.0	59411.0
-505	64218.0	59595.0
-504	64089.0	59353.0
-503	64099.0	59296.0
-502	63982.0	59353.0
-501	63844.0	59518.0
-500	64101.0	59462.0
-499	63977.0	59403.0
-498	63948.0	59428.0
-497	64102.0	59072.0
-496	63942.0	59309.0
-495	63754.0	59753.0
-494	63349.0	59183.0
-493	64075.0	59457.0
-492	64009.0	59316.0
-491	63923.0	58934.0
-490	63947.0	59288.0
-489	63984.0	58958.0
-488	63517.0	58990.0
-487	63460.0	59204.0
-486	63783.0	59072.0
-485	63774.0	58849.0
-484	63698.0	58957.0
-483	63205.0	58938.0
-482	63451.0	59101.0
-481	63291.0	58850.0
-480	63876.0	58820.0
-479	63444.0	59363.0
-478	63470.0	58875.0
-477	63804.0	58787.0
-476	63475.0	58778.0
-475	63055.0	59372.0
-474	63385.0	58732.0
-473	63557.0	59013.0
-472	62957.0	58973.0
-471	63257.0	58974.0
-470	63083.0	58873.0
-469	63007.0	58813.0
-468	64010.0	58811.0
-467	63596.0	58751.0
-466	63364.0	58923.0
-465	63116.0	58854.0
-464	63088.0	58799.0
-463	63037.0	58624.0
-462	63399.0	58977.0
-461	63105.0	58486.0
-460	63404.0	58356.0
-459	63328.0	58341.0
-458	63333.0	58391.0
-457	63358.0	58281.0
-456	62947.0	58667.0
-455	62998.0	58380.0
-454	63055.0	58378.0
-453	63020.0	58778.0
-452	63199.0	58589.0
-451	62993.0	58234.0
-450	62734.0	58238.0
-449	62858.0	58377.0
-448	62914.0	58340.0
-447	63064.0	58377.0
-446	62783.0	58625.0
-445	62928.0	58518.0
-444	62843.0	58380.0
-443	63019.0	58113.0
-442	62862.0	58415.0
-441	62504.0	58106.0
-440	62936.0	58225.0
-439	62810.0	58643.0
-438	62898.0	58098.0
-437	63278.0	58384.0
-436	62914.0	58191.0
-435	62914.0	58232.0
-434	62955.0	58070.0
-433	62597.0	57958.0
-432	62741.0	58137.0
-431	62600.0	57847.0
-430	62740.0	57856.0
-429	62575.0	57987.0
-428	62426.0	57917.0
-427	62864.0	57919.0
-426	62583.0	57885.0
-425	62539.0	57747.0
-424	62558.0	57699.0
-423	62404.0	57859.0
-422	62425.0	57825.0
-421	62323.0	57869.0
-420	62268.0	57657.0
-419	62304.0	57760.0
-418	62298.0	57533.0
-417	62805.0	57952.0
-416	62065.0	58197.0
-415	62233.0	57885.0
-414	61921.0	57929.0
-413	62167.0	57659.0
-412	62334.0	57793.0
-411	62071.0	57619.0
-410	62112.0	57973.0
-409	62157.0	57616.0
-408	61589.0	57630.0
-407	62060.0	57772.0
-406	61936.0	57680.0
-405	62346.0	57890.0
-404	61869.0	57519.0
-403	62216.0	57691.0
-402	62073.0	57647.0
-401	61964.0	57491.0
-400	61990.0	57430.0
-399	62227.0	57738.0
-398	61759.0	57538.0
-397	61897.0	57595.0
-396	61573.0	57706.0
-395	61576.0	57527.0
-394	61447.0	57576.0
-393	61618.0	57680.0
-392	61378.0	57751.0
-391	61745.0	57706.0
-390	61481.0	57273.0
-389	61594.0	57267.0
-388	61161.0	57306.0
-387	61293.0	57597.0
-386	61120.0	57251.0
-385	61315.0	57243.0
-384	61591.0	57096.0
-383	61378.0	57188.0
-382	61563.0	57372.0
-381	61439.0	57096.0
-380	61465.0	57247.0
-379	61184.0	57047.0
-378	60597.0	57169.0
-377	61123.0	57455.0
-376	61022.0	57181.0
-375	61117.0	56784.0
-374	60993.0	57103.0
-373	60963.0	56941.0
-372	60865.0	57097.0
-371	60867.0	56664.0
-370	61196.0	57222.0
-369	61108.0	56850.0
-368	60959.0	56792.0
-367	61249.0	56913.0
-366	60441.0	56665.0
-365	61062.0	56993.0
-364	60725.0	56989.0
-363	60757.0	56671.0
-362	60596.0	56792.0
-361	60711.0	56711.0
-360	60690.0	57289.0
-359	60652.0	56761.0
-358	60517.0	56420.0
-357	60755.0	56674.0
-356	60263.0	56941.0
-355	60718.0	56702.0
-354	60869.0	56380.0
-353	60625.0	56373.0
-352	60671.0	56530.0
-351	60644.0	56286.0
-350	60221.0	56517.0
-349	60456.0	56672.0
-348	60570.0	56635.0
-347	60110.0	56788.0
-346	60188.0	56651.0
-345	60507.0	56529.0
-344	60216.0	56632.0
-343	60138.0	56420.0
-342	60415.0	56179.0
-341	60156.0	56124.0
-340	60459.0	56450.0
-339	60501.0	56357.0
-338	60375.0	55985.0
-337	60086.0	56634.0
-336	60041.0	56050.0
-335	60331.0	56251.0
-334	60208.0	56349.0
-333	60005.0	56284.0
-332	59749.0	56298.0
-331	59887.0	55963.0
-330	60217.0	56319.0
-329	60143.0	56031.0
-328	59458.0	55902.0
-327	60294.0	56355.0
-326	59857.0	56064.0
-325	60309.0	56273.0
-324	59927.0	56034.0
-323	59724.0	55960.0
-322	59764.0	56032.0
-321	59889.0	56225.0
-320	59749.0	56105.0
-319	59864.0	55998.0
-318	59516.0	55878.0
-317	59921.0	55823.0
-316	59939.0	55889.0
-315	59741.0	56000.0
-314	59849.0	55738.0
-313	59801.0	55587.0
-312	60050.0	55528.0
-311	59926.0	55984.0
-310	59776.0	55601.0
-309	59792.0	56117.0
-308	60156.0	55457.0
-307	60224.0	55974.0
-306	60192.0	55531.0
-305	60009.0	55480.0
-304	60143.0	55190.0
-303	60180.0	54991.0
-302	60617.0	55578.0
-301	60675.0	55903.0
-300	60724.0	55768.0
-299	60731.0	55437.0
-298	60586.0	55687.0
-297	60875.0	55437.0
-296	60971.0	55236.0
-295	60873.0	55671.0
-294	60699.0	55404.0
-293	61016.0	55391.0
-292	61071.0	55474.0
-291	61694.0	55254.0
-290	61556.0	55200.0
-289	61631.0	55193.0
-288	62301.0	55204.0
-287	62338.0	55197.0
-286	62363.0	55272.0
-285	62331.0	55167.0
-284	62775.0	54885.0
-283	63092.0	54824.0
-282	63399.0	55111.0
-281	63734.0	55050.0
-280	63967.0	55092.0
-279	64227.0	54890.0
-278	64574.0	54877.0
-277	64912.0	54855.0
-276	65199.0	54576.0
-275	65673.0	55037.0
-274	65830.0	54616.0
-273	66362.0	54604.0
-272	66690.0	54716.0
-271	67240.0	54428.0
-270	67676.0	54669.0
-269	68044.0	54691.0
-268	68050.0	54786.0
-267	68805.0	54454.0
-266	69320.0	54263.0
-265	70474.0	54255.0
-264	70319.0	54454.0
-263	71108.0	54149.0
-262	71410.0	54286.0
-261	71743.0	54125.0
-260	72615.0	53983.0
-259	73454.0	54353.0
-258	73988.0	54058.0
-257	74793.0	54116.0
-256	75792.0	54038.0
-255	76474.0	54041.0
-254	76932.0	53815.0
-253	78321.0	54163.0
-252	78929.0	54003.0
-251	79393.0	53689.0
-250	80400.0	53901.0
-249	81116.0	53869.0
-248	81741.0	53770.0
-247	82478.0	53836.0
-246	83937.0	53718.0
-245	85019.0	53418.0
-244	85606.0	53278.0
-243	86986.0	53669.0
-242	87965.0	53520.0
-241	89618.0	53488.0
-240	90185.0	53342.0
-239	91371.0	53121.0
-238	92429.0	53164.0
-237	93639.0	53071.0
-236	94829.0	53562.0
-235	96357.0	53146.0
-234	97984.0	53122.0
-233	98774.0	53126.0
-232	100252.0	53256.0
-231	101224.0	53000.0
-230	103035.0	53180.0
-229	104322.0	52948.0
-228	105619.0	52482.0
-227	107361.0	52516.0
-226	109222.0	52942.0
-225	110232.0	52583.0
-224	112085.0	52335.0
-223	114039.0	52600.0
-222	115495.0	52648.0
-221	117531.0	52616.0
-220	119513.0	52540.0
-219	120672.0	52349.0
-218	122500.0	52588.0
-217	124114.0	52330.0
-216	125861.0	52284.0
-215	128049.0	52241.0
-214	129986.0	52268.0
-213	132400.0	52533.0
-212	133562.0	51986.0
-211	135883.0	52362.0
-210	138059.0	52098.0
-209	141025.0	51884.0
-208	142765.0	52205.0
-207	144865.0	51925.0
-206	146483.0	51914.0
-205	149278.0	51472.0
-204	152033.0	51701.0
-203	154081.0	51789.0
-202	156347.0	51430.0
-201	158571.0	51583.0
-200	161355.0	51447.0
-199	163816.0	51508.0
-198	166140.0	51255.0
-197	168848.0	51303.0
-196	172149.0	51667.0
-195	173907.0	51399.0
-194	176693.0	51096.0
-193	179104.0	51036.0
-192	182025.0	51024.0
-191	183745.0	51095.0
-190	187838.0	50946.0
-189	190584.0	50945.0
-188	194344.0	50926.0
-187	197045.0	51017.0
-186	199746.0	50900.0
-185	203165.0	50815.0
-184	206099.0	50634.0
-183	209449.0	50780.0
-182	212405.0	50636.0
-181	215228.0	50624.0
-180	218634.0	50699.0
-179	222081.0	50717.0
-178	225792.0	50479.0
-177	228938.0	50146.0
-176	231938.0	50472.0
-175	235473.0	50355.0
-174	238705.0	50304.0
-173	242178.0	49992.0
-172	246135.0	49698.0
-171	249804.0	49778.0
-170	253806.0	49559.0
-169	256023.0	49557.0
-168	261080.0	49436.0
-167	264808.0	49470.0
-166	267780.0	49450.0
-165	273024.0	49395.0
-164	276533.0	49043.0
-163	280781.0	49042.0
-162	284565.0	49164.0
-161	288052.0	49176.0
-160	292834.0	49511.0
-159	297257.0	48999.0
-158	301095.0	48730.0
-157	305189.0	48998.0
-156	309778.0	48951.0
-155	314281.0	48730.0
-154	318133.0	48555.0
-153	322613.0	48582.0
-152	327132.0	48230.0
-151	331863.0	48274.0
-150	336378.0	48257.0
-149	341951.0	48106.0
-148	344853.0	48305.0
-147	350570.0	47887.0
-146	355153.0	47771.0
-145	360235.0	47700.0
-144	364986.0	47940.0
-143	370212.0	47789.0
-142	374404.0	47474.0
-141	380375.0	47870.0
-140	385121.0	47400.0
-139	389810.0	47350.0
-138	395040.0	47139.0
-137	400485.0	46898.0
-136	404526.0	46777.0
-135	410906.0	46846.0
-134	416393.0	46609.0
-133	420648.0	46634.0
-132	426919.0	46882.0
-131	432454.0	46538.0
-130	437973.0	46302.0
-129	443751.0	46101.0
-128	448478.0	45989.0
-127	454685.0	45842.0
-126	460210.0	46237.0
-125	465841.0	45833.0
-124	471375.0	45834.0
-123	477723.0	45939.0
-122	483658.0	45881.0
-121	489027.0	45386.0
-120	495478.0	45355.0
-119	501370.0	45467.0
-118	506870.0	45333.0
-117	511717.0	45080.0
-116	519451.0	45182.0
-115	525652.0	44906.0
-114	531372.0	44990.0
-113	538686.0	44693.0
-112	544362.0	44566.0
-111	550688.0	44629.0
-110	557381.0	44443.0
-109	563731.0	44520.0
-108	570455.0	44032.0
-107	576812.0	43998.0
-106	582725.0	43753.0
-105	590287.0	44012.0
-104	596156.0	43811.0
-103	601777.0	43502.0
-102	609624.0	43544.0
-101	615890.0	43268.0
-100	621002.0	43552.0
-99	628989.0	43186.0
-98	635381.0	42781.0
-97	641018.0	42758.0
-96	647893.0	42720.0
-95	655243.0	42682.0
-94	661437.0	42397.0
-93	668499.0	42470.0
-92	675050.0	42740.0
-91	681056.0	42283.0
-90	688595.0	41926.0
-89	695531.0	41904.0
-88	702202.0	41982.0
-87	708828.0	41598.0
-86	715782.0	41337.0
-85	722148.0	41179.0
-84	729488.0	41004.0
-83	735746.0	41074.0
-82	744206.0	41187.0
-81	750389.0	40845.0
-80	757368.0	40939.0
-79	763120.0	40788.0
-78	770788.0	40567.0
-77	777826.0	40220.0
-76	784590.0	40213.0
-75	791665.0	40205.0
-74	798571.0	40117.0
-73	805313.0	39968.0
-72	811279.0	39827.0
-71	818424.0	39683.0
-70	825674.0	39280.0
-69	832523.0	39283.0
-68	840121.0	39197.0
-67	845157.0	39201.0
-66	852567.0	39052.0
-65	860530.0	38836.0
-64	867191.0	38869.0
-63	874699.0	38569.0
-62	880178.0	38640.0
-61	888796.0	38073.0
-60	894192.0	38088.0
-59	899938.0	38095.0
-58	906772.0	38068.0
-57	913291.0	37972.0
-56	921032.0	37907.0
-55	926678.0	37616.0
-54	931462.0	37421.0
-53	938519.0	37302.0
-52	945693.0	37529.0
-51	952861.0	37354.0
-50	957143.0	36990.0
-49	964748.0	36708.0
-48	969941.0	36768.0
-47	977441.0	36417.0
-46	982793.0	36366.0
-45	991076.0	36212.0
-44	996505.0	36269.0
-43	1003697.0	36203.0
-42	1009937.0	35859.0
-41	1016828.0	35423.0
-40	1022481.0	35559.0
-39	1029074.0	35478.0
-38	1036135.0	35720.0
-37	1042498.0	35323.0
-36	1050517.0	35489.0
-35	1056575.0	35039.0
-34	1064967.0	34819.0
-33	1070065.0	34821.0
-32	1076136.0	35006.0
-31	1082114.0	34225.0
-30	1086922.0	34564.0
-29	1092822.0	34304.0
-28	1096941.0	34207.0
-27	1103156.0	34044.0
-26	1105776.0	34066.0
-25	1110612.0	34042.0
-24	1113945.0	34007.0
-23	1116741.0	33879.0
-22	1122989.0	33831.0
-21	1127272.0	33376.0
-20	1131553.0	32617.0
-19	1134508.0	33369.0
-18	1138347.0	33065.0
-17	1142652.0	33709.0
-16	1147790.0	32434.0
-15	1150579.0	32216.0
-14	1155448.0	32090.0
-13	1159427.0	31877.0
-12	1164511.0	31993.0
-11	1169057.0	31709.0
-10	1173241.0	31519.0
-9	1177524.0	31496.0
-8	1182399.0	31124.0
-7	1185970.0	31414.0
-6	1194182.0	31155.0
-5	1200675.0	31236.0
-4	1204990.0	30709.0
-3	1214015.0	30797.0
-2	1216111.0	30788.0
-1	1231686.0	30619.0
0	394538.0	30733.0
1	1183888.0	30825.0
2	1169207.0	30808.0
3	1166898.0	30952.0
4	1156803.0	30916.0
5	1153750.0	30833.0
6	1145621.0	30776.0
7	1140925.0	31491.0
8	1133568.0	32401.0
9	1128399.0	33194.0
10	1125497.0	33476.0
11	1122371.0	33428.0
12	1117739.0	33674.0
13	1112632.0	33506.0
14	1109756.0	33735.0
15	1105619.0	33327.0
16	1102668.0	33145.0
17	1097337.0	33235.0
18	1092757.0	32967.0
19	1089764.0	33114.0
20	1086047.0	33028.0
21	1082193.0	32544.0
22	1079900.0	32389.0
23	1074982.0	32693.0
24	1071088.0	32390.0
25	1067553.0	32256.0
26	1064885.0	31760.0
27	1060895.0	31707.0
28	1055224.0	31563.0
29	1050916.0	31253.0
30	1046877.0	31441.0
31	1040922.0	31004.0
32	1036688.0	31218.0
33	1030257.0	32314.0
34	1024588.0	34467.0
35	1017264.0	37120.0
36	1012236.0	40366.0
37	1003705.0	43846.0
38	997497.0	48002.0
39	990841.0	52156.0
40	985349.0	55811.0
41	978306.0	60967.0
42	973267.0	65162.0
43	966490.0	69073.0
44	960716.0	73779.0
45	954901.0	77208.0
46	948586.0	81392.0
47	940687.0	85352.0
48	936173.0	89255.0
49	929433.0	93054.0
50	923978.0	96813.0
51	918494.0	101095.0
52	911538.0	104996.0
53	905830.0	108596.0
54	899722.0	112795.0
55	893579.0	116238.0
56	889066.0	119949.0
57	883179.0	123735.0
58	876711.0	127172.0
59	869082.0	130945.0
60	865789.0	134751.0
61	857278.0	138762.0
62	851429.0	143109.0
63	845275.0	148399.0
64	839439.0	154162.0
65	831837.0	159350.0
66	825346.0	165814.0
67	818610.0	172649.0
68	812478.0	180347.0
69	805796.0	187109.0
70	799374.0	195576.0
71	791846.0	203262.0
72	786876.0	211332.0
73	779381.0	219301.0
74	774063.0	227356.0
75	767043.0	234412.0
76	760756.0	241037.0
77	752937.0	248659.0
78	747154.0	255863.0
79	740100.0	262790.0
80	732482.0	270367.0
81	726976.0	277708.0
82	721327.0	284364.0
83	712994.0	291754.0
84	707917.0	297967.0
85	702572.0	304051.0
86	695178.0	311316.0
87	689465.0	317743.0
88	682146.0	325236.0
89	675247.0	331370.0
90	667838.0	338295.0
91	661432.0	345155.0
92	655853.0	353624.0
93	649668.0	361179.0
94	643761.0	369418.0
95	637029.0	377855.0
96	630704.0	385842.0
97	624850.0	394196.0
98	617981.0	402461.0
99	611797.0	410835.0
100	604941.0	419350.0
101	599356.0	427942.0
102	592595.0	436754.0
103	586777.0	445046.0
104	579607.0	452913.0
105	573875.0	461584.0
106	567349.0	469592.0
107	561073.0	478802.0
108	554700.0	486407.0
109	548616.0	495111.0
110	543134.0	503245.0
111	536533.0	510730.0
112	531107.0	517868.0
113	525500.0	525606.0
114	519268.0	534070.0
115	512903.0	541969.0
116	506422.0	549151.0
117	500681.0	557236.0
118	493868.0	564904.0
119	488501.0	573074.0
120	482213.0	580209.0
121	476708.0	588724.0
122	470272.0	596200.0
123	465073.0	603531.0
124	458264.0	610955.0
125	452766.0	619482.0
126	448859.0	626598.0
127	441570.0	634743.0
128	436995.0	642591.0
129	431462.0	650893.0
130	425768.0	658465.0
131	419930.0	665836.0
132	415961.0	673294.0
133	410159.0	681117.0
134	404270.0	688644.0
135	399931.0	695484.0
136	394026.0	702616.0
137	388851.0	710926.0
138	384823.0	717677.0
139	379130.0	724941.0
140	373690.0	731841.0
141	369357.0	738909.0
142	364637.0	746248.0
143	360069.0	753284.0
144	355367.0	760226.0
145	350046.0	767511.0
146	346218.0	773997.0
147	340827.0	780778.0
148	336946.0	788961.0
149	331735.0	795270.0
150	327487.0	803031.0
151	323159.0	808212.0
152	319168.0	814268.0
153	314612.0	820267.0
154	309568.0	826657.0
155	305528.0	833832.0
156	301021.0	839147.0
157	296467.0	844975.0
158	292524.0	851266.0
159	289496.0	856519.0
160	284038.0	863769.0
161	280595.0	869747.0
162	276523.0	875347.0
163	272770.0	879812.0
164	269106.0	884847.0
165	264983.0	891750.0
166	261030.0	895971.0
167	257183.0	900445.0
168	253708.0	905469.0
169	249628.0	910432.0
170	246250.0	914673.0
171	242872.0	920357.0
172	239575.0	923398.0
173	236159.0	928539.0
174	232909.0	933298.0
175	228767.0	938047.0
176	225486.0	941752.0
177	221366.0	944812.0
178	219686.0	949224.0
179	215729.0	954111.0
180	212312.0	957772.0
181	208861.0	961874.0
182	205663.0	965186.0
183	203231.0	968645.0
184	199811.0	972532.0
185	196328.0	974411.0
186	193741.0	978378.0
187	191157.0	981260.0
188	187813.0	984538.0
189	185697.0	987414.0
190	182082.0	990430.0
191	180006.0	993083.0
192	177078.0	994537.0
193	174064.0	997177.0
194	171316.0	999510.0
195	169706.0	1002296.0
196	166737.0	1004138.0
197	163944.0	1006116.0
198	162100.0	1007740.0
199	158610.0	1009659.0
200	156328.0	1011173.0
201	154537.0	1011542.0
202	151747.0	1014384.0
203	149581.0	1016605.0
204	146605.0	1016442.0
205	145338.0	1018913.0
206	142557.0	1019876.0
207	140383.0	1021182.0
208	138636.0	1020530.0
209	136553.0	1021680.0
210	134523.0	1021976.0
211	132645.0	1023268.0
212	130338.0	1023864.0
213	127979.0	1023805.0
214	126517.0	1023692.0
215	124704.0	1024062.0
216	122542.0	1024573.0
217	120506.0	1024648.0
218	119027.0	1024720.0
219	117470.0	1024008.0
220	115343.0	1023713.0
221	113476.0	1023608.0
222	111953.0	1023836.0
223	110403.0	1020976.0
224	109221.0	1022565.0
225	107351.0	1020891.0
226	105817.0	1020528.0
227	104372.0	1018453.0
228	102939.0	1019200.0
229	101617.0	1018834.0
230	99797.0	1015914.0
231	98356.0	1014918.0
232	97174.0	1012522.0
233	95847.0	1012845.0
234	94891.0	1010416.0
235	93679.0	1008783.0
236	92573.0	1007124.0
237	90743.0	1006503.0
238	89866.0	1004726.0
239	88652.0	1002651.0
240	87189.0	1000755.0
241	86594.0	999762.0
242	85690.0	997081.0
243	84437.0	995879.0
244	83396.0	991868.0
245	82205.0	990218.0
246	81154.0	987583.0
247	80234.0	984897.0
248	79946.0	983043.0
249	78529.0	980734.0
250	77466.0	977368.0
251	77105.0	975510.0
252	76290.0	971807.0
253	75008.0	971152.0
254	74244.0	965454.0
255	73932.0	962588.0
256	73009.0	959337.0
257	72152.0	956300.0
258	71455.0	954187.0
259	71501.0	952139.0
260	70444.0	948975.0
261	69968.0	944134.0
262	69530.0	940470.0
263	68396.0	938036.0
264	68266.0	934999.0
265	67590.0	930096.0
266	66924.0	927473.0
267	66753.0	923989.0
268	66155.0	920047.0
269	65726.0	915940.0
270	65077.0	913632.0
271	64896.0	908756.0
272	64508.0	903950.0
273	63961.0	899807.0
274	63571.0	897083.0
275	63470.0	891767.0
276	62987.0	888553.0
277	62689.0	884241.0
278	62332.0	880757.0
279	62415.0	876228.0
280	61962.0	871510.0
281	61516.0	867129.0
282	61249.0	862913.0
283	61207.0	860522.0
284	60636.0	853474.0
285	60184.0	848689.0
286	60173.0	845461.0
287	60105.0	841876.0
288	60122.0	836926.0
289	60086.0	834231.0
290	59823.0	827811.0
291	59683.0	822049.0
292	59362.0	818163.0
293	59182.0	814120.0
294	59146.0	809007.0
295	59059.0	803542.0
296	58687.0	798763.0
297	58660.0	794420.0
298	58675.0	789214.0
299	58580.0	785106.0
300	58411.0	779126.0
301	58511.0	775798.0
302	58675.0	770393.0
303	58207.0	764867.0
304	58516.0	759523.0
305	58267.0	754818.0
306	58246.0	749951.0
307	58014.0	745059.0
308	57928.0	739873.0
309	57971.0	735137.0
310	57757.0	729275.0
311	57761.0	725316.0
312	58243.0	719418.0
313	57629.0	714972.0
314	57677.0	708791.0
315	58005.0	705289.0
316	58008.0	697789.0
317	57799.0	694791.0
318	57874.0	689070.0
319	58297.0	683078.0
320	58124.0	679249.0
321	58332.0	673127.0
322	58053.0	669018.0
323	58044.0	661969.0
324	57933.0	657046.0
325	58009.0	652691.0
326	58108.0	647593.0
327	57711.0	641722.0
328	57897.0	636079.0
329	57494.0	630887.0
330	57885.0	625416.0
331	58173.0	620790.0
332	58114.0	615919.0
333	57941.0	610305.0
334	58105.0	604689.0
335	58210.0	599368.0
336	58077.0	594098.0
337	58339.0	588889.0
338	58097.0	584254.0
339	57765.0	579555.0
340	58373.0	574265.0
341	58322.0	568761.0
342	58278.0	563634.0
343	58346.0	559461.0
344	58375.0	554025.0
345	58225.0	549494.0
346	58658.0	543953.0
347	58173.0	538838.0
348	58426.0	534275.0
349	58600.0	528755.0
350	58442.0	523911.0
351	58725.0	520337.0
352	58567.0	513338.0
353	58247.0	508920.0
354	58446.0	505539.0
355	58648.0	499409.0
356	58586.0	494320.0
357	58668.0	490851.0
358	58813.0	485348.0
359	58620.0	480862.0
360	58579.0	476510.0
361	58703.0	471224.0
362	58690.0	466990.0
363	58438.0	462668.0
364	58784.0	456718.0
365	58912.0	452498.0
366	58616.0	448781.0
367	58990.0	443997.0
368	58570.0	439669.0
369	59004.0	434897.0
370	58730.0	430612.0
371	59298.0	425494.0
372	58851.0	421429.0
373	58733.0	417663.0
374	59226.0	414309.0
375	58977.0	408916.0
376	59087.0	405447.0
377	59169.0	399249.0
378	59207.0	396556.0
379	59409.0	392718.0
380	59445.0	388396.0
381	58894.0	384111.0
382	59311.0	379424.0
383	59248.0	375907.0
384	59182.0	371933.0
385	59270.0	367924.0
386	59220.0	363182.0
387	59362.0	360818.0
388	59231.0	356051.0
389	59346.0	352731.0
390	59580.0	348714.0
391	59367.0	345371.0
392	59408.0	340875.0
393	59604.0	337828.0
394	59584.0	334505.0
395	59544.0	329928.0
396	59614.0	327513.0
397	59544.0	323862.0
398	59637.0	319686.0
399	59627.0	316632.0
400	59590.0	313071.0
401	59729.0	309993.0
402	59757.0	306377.0
403	59217.0	303632.0
404	59841.0	299845.0
405	59422.0	296796.0
406	59661.0	293674.0
407	59614.0	290839.0
408	59665.0	286895.0
409	60237.0	284291.0
410	59693.0	280786.0
411	59945.0	277061.0
412	60177.0	274290.0
413	60051.0	271754.0
414	59844.0	268036.0
415	59658.0	266154.0
416	59840.0	262678.0
417	60024.0	260356.0
418	60256.0	257721.0
419	59850.0	253529.0
420	59926.0	251288.0
421	59953.0	248861.0
422	59897.0	246759.0
423	60057.0	243932.0
424	59699.0	240160.0
425	60267.0	238203.0
426	60101.0	235024.0
427	60216.0	233402.0
428	60435.0	230047.0
429	60051.0	228325.0
430	60068.0	226234.0
431	59750.0	223590.0
432	60217.0	219876.0
433	59759.0	218589.0
434	60041.0	216101.0
435	59985.0	214362.0
436	60284.0	211642.0
437	60187.0	209339.0
438	60317.0	207000.0
439	60121.0	205106.0
440	60204.0	203103.0
441	60144.0	200603.0
442	60339.0	198574.0
443	60343.0	196594.0
444	59969.0	194691.0
445	60425.0	192668.0
446	60306.0	190296.0
447	60630.0	188728.0
448	60298.0	186268.0
449	60293.0	185312.0
450	60357.0	183310.0
451	60465.0	181187.0
452	60656.0	179175.0
453	60512.0	176744.0
454	60353.0	175416.0
455	60562.0	173706.0
456	60704.0	171917.0
457	60918.0	170309.0
458	60837.0	169000.0
459	60487.0	166818.0
460	60590.0	165702.0
461	60752.0	164128.0
462	60579.0	162232.0
463	60143.0	161040.0
464	61091.0	159435.0
465	60666.0	157649.0
466	60783.0	156119.0
467	61041.0	154793.0
468	60991.0	153556.0
469	61417.0	151688.0
470	61270.0	150725.0
471	60717.0	149271.0
472	60539.0	147873.0
473	60936.0	145997.0
474	60986.0	145337.0
475	61184.0	144496.0
476	60902.0	142849.0
477	61259.0	141277.0
478	61144.0	140225.0
479	60933.0	138396.0
480	61164.0	138043.0
481	61071.0	136641.0
482	61564.0	135381.0
483	61158.0	134102.0
484	61040.0	133187.0
485	61100.0	132428.0
486	61134.0	130541.0
487	61385.0	129828.0
488	61628.0	128767.0
489	61292.0	127917.0
490	61405.0	126853.0
491	60951.0	125624.0
492	61584.0	125333.0
493	61748.0	123968.0
494	61557.0	122945.0
495	61424.0	122029.0
496	61332.0	121333.0
497	61414.0	120187.0
498	61443.0	119630.0
499	61220.0	118401.0
500	61263.0	117268.0
501	61541.0	117029.0
502	61780.0	115549.0
503	61912.0	115198.0
504	61539.0	114289.0
505	61559.0	113731.0
506	61498.0	112757.0
507	61563.0	112037.0
508	61610.0	111799.0
509	61845.0	110430.0
510	61394.0	109849.0
511	61434.0	108958.0
512	61769.0	108304.0
513	61400.0	107269.0
514	62056.0	107204.0
515	61694.0	106582.0
516	61795.0	105651.0
517	62067.0	105102.0
518	61883.0	104556.0
519	62032.0	103919.0
520	62171.0	103220.0
521	61739.0	102423.0
522	62183.0	102250.0
523	61580.0	100872.0
524	62000.0	101186.0
525	61713.0	100311.0
526	61887.0	99814.0
527	62013.0	98884.0
528	61940.0	98572.0
529	62158.0	98615.0
530	61738.0	97546.0
531	62215.0	97290.0
532	61895.0	97063.0
533	62124.0	96440.0
534	61813.0	95675.0
535	61854.0	95006.0
536	62138.0	95115.0
537	62296.0	94539.0
538	62088.0	94211.0
539	61959.0	93360.0
540	61944.0	93601.0
541	62117.0	92352.0
542	62020.0	92452.0
543	62089.0	91834.0
544	62057.0	91744.0
545	61935.0	91381.0
546	62272.0	90649.0
547	62156.0	90332.0
548	62064.0	89967.0
549	62453.0	89707.0
550	62216.0	89900.0
551	62154.0	88868.0
552	62090.0	88683.0
553	62347.0	88144.0
554	62269.0	88299.0
555	62076.0	87629.0
556	61814.0	87455.0
557	62152.0	87353.0
558	62346.0	86867.0
559	62197.0	86525.0
560	62398.0	86313.0
561	62111.0	86253.0
562	62348.0	85737.0
563	62223.0	85804.0
564	62325.0	85756.0
565	62146.0	84728.0
566	62272.0	85057.0
567	62137.0	84465.0
568	61942.0	84294.0
569	62132.0	84325.0
570	62070.0	83687.0
571	62114.0	83709.0
572	62164.0	83783.0
573	62153.0	83373.0
574	61741.0	83425.0
575	62260.0	82912.0
576	62358.0	82702.0
577	62200.0	82215.0
578	62201.0	82577.0
579	62395.0	82492.0
580	62079.0	81741.0
581	62661.0	81448.0
582	62197.0	81714.0
583	62040.0	81176.0
584	62450.0	81693.0
585	61984.0	81014.0
586	62100.0	80824.0
587	62188.0	80825.0
588	62207.0	80482.0
589	62161.0	80437.0
590	62048.0	80356.0
591	62161.0	80182.0
592	62196.0	80207.0
593	62016.0	80172.0
594	61726.0	79586.0
595	62123.0	80001.0
596	62307.0	79541.0
597	61949.0	79404.0
598	62229.0	79481.0
599	62011.0	79002.0
600	62192.0	78938.0
601	61746.0	79111.0
602	62204.0	79002.0
603	61953.0	78695.0
604	61781.0	78554.0
605	61933.0	78533.0
606	62018.0	78294.0
607	62188.0	78403.0
608	62163.0	78481.0
609	62143.0	78486.0
610	62062.0	77944.0
611	62230.0	77760.0
612	62110.0	77486.0
613	61915.0	77579.0
614	61963.0	77748.0
615	61767.0	77279.0
616	61600.0	77359.0
617	61939.0	77465.0
618	61836.0	77310.0
619	62255.0	77015.0
620	61746.0	77211.0
621	61919.0	77256.0
622	61971.0	76974.0
623	61968.0	76979.0
624	61966.0	76792.0
625	61991.0	76754.0
626	62549.0	77222.0
627	62096.0	76947.0
628	61662.0	76538.0
629	62029.0	76905.0
630	61999.0	76822.0
631	62295.0	76512.0
632	61825.0	76323.0
633	62047.0	76207.0
634	61792.0	76360.0
635	62053.0	76681.0
636	61899.0	76056.0
637	61945.0	75988.0
638	61867.0	75974.0
639	61641.0	76116.0
640	61866.0	75942.0
641	61954.0	76268.0
642	61943.0	75662.0
643	62032.0	75946.0
644	61827.0	75817.0
645	61816.0	75772.0
646	62145.0	75462.0
647	61849.0	75702.0
648	61903.0	75526.0
649	61681.0	75353.0
650	61600.0	75862.0
651	61650.0	75415.0
652	61970.0	75525.0
653	61838.0	75408.0
654	62016.0	75592.0
655	62021.0	75688.0
656	61829.0	75396.0
657	61943.0	75454.0
658	61472.0	75444.0
659	61737.0	75492.0
660	61951.0	75534.0
661	61704.0	75493.0
662	61281.0	75275.0
663	62098.0	75246.0
664	61750.0	75357.0
665	61718.0	75119.0
666	61919.0	75008.0
667	62050.0	74890.0
668	61747.0	75327.0
669	62244.0	74867.0
670	61792.0	75025.0
671	61838.0	75045.0
672	61643.0	75110.0
673	61546.0	75205.0
674	61755.0	74967.0
675	61782.0	74669.0
676	61847.0	74602.0
677	61506.0	75118.0
678	61644.0	74511.0
679	62153.0	75387.0
680	62071.0	74554.0
681	62169.0	74948.0
682	61678.0	74440.0
683	62128.0	74787.0
684	61790.0	74507.0
685	62095.0	74582.0
686	61920.0	74246.0
687	62052.0	74684.0
688	61907.0	74552.0
689	61872.0	74582.0
690	61846.0	74499.0
691	62154.0	74607.0
692	62267.0	74502.0
693	61937.0	74252.0
694	62250.0	74356.0
695	62246.0	74565.0
696	62216.0	74308.0
697	62173.0	74205.0
698	62103.0	74337.0
699	62043.0	74561.0
700	62091.0	74286.0
701	62098.0	74803.0
702	61834.0	74452.0
703	62349.0	74265.0
704	62124.0	74455.0
705	62090.0	74304.0
706	62106.0	74440.0
707	62237.0	74137.0
708	62163.0	74088.0
709	62281.0	74542.0
710	62124.0	74484.0
711	62341.0	74197.0
712	62495.0	73767.0
713	62463.0	74012.0
714	62567.0	74178.0
715	62309.0	74297.0
716	62322.0	74037.0
717	62195.0	74307.0
718	62547.0	74186.0
719	62291.0	74481.0
720	62323.0	74201.0
721	62226.0	73978.0
722	62518.0	73931.0
723	62451.0	74165.0
724	62282.0	73737.0
725	62308.0	73816.0
726	62396.0	73816.0
727	62637.0	73869.0
728	62447.0	73824.0
729	62177.0	73880.0
730	62423.0	73801.0
731	62588.0	73920.0
732	62635.0	73901.0
733	62223.0	73558.0
734	62290.0	73990.0
735	62247.0	73976.0
736	62428.0	73783.0
737	62334.0	73818.0
738	63032.0	73571.0
739	62464.0	73795.0
740	62460.0	73529.0
741	62712.0	73671.0
742	62631.0	73457.0
743	62507.0	73514.0
744	62640.0	73356.0
745	62656.0	73622.0
746	62501.0	73615.0
747	62845.0	73178.0
748	62299.0	73527.0
749	62444.0	73186.0
750	62643.0	73018.0
751	62698.0	73321.0
752	62744.0	73329.0
753	62777.0	73509.0
754	62935.0	73054.0
755	62659.0	73817.0
756	62835.0	73309.0
757	62785.0	72729.0
758	62960.0	73039.0
759	62757.0	72499.0
760	62890.0	73395.0
761	63171.0	73115.0
762	62550.0	73105.0
763	62773.0	72861.0
764	63049.0	73179.0
765	62881.0	72913.0
766	62839.0	73029.0
767	62972.0	72563.0
768	63059.0	73071.0
769	62896.0	72802.0
770	62695.0	72867.0
771	63211.0	72818.0
772	63046.0	72829.0
773	62780.0	72582.0
774	62608.0	72959.0
775	62943.0	72510.0
776	63045.0	72815.0
777	63141.0	72448.0
778	63065.0	72538.0
779	63219.0	72302.0
780	63375.0	72715.0
781	63070.0	72539.0
782	62966.0	72476.0
783	62946.0	72603.0
784	62890.0	72286.0
785	63300.0	72291.0
786	63271.0	72523.0
787	63465.0	72057.0
788	63275.0	72437.0
789	63250.0	72380.0
790	63665.0	72360.0
791	63246.0	72219.0
792	63289.0	72587.0
793	63325.0	72223.0
794	63360.0	71865.0
795	63360.0	71714.0
796	63525.0	72090.0
797	63712.0	71853.0
798	63501.0	71968.0
799	63288.0	72159.0
800	63243.0	72122.0
801	63885.0	72175.0
802	63728.0	71859.0
803	63372.0	72188.0
804	63779.0	72181.0
805	64231.0	72123.0
806	63920.0	71902.0
807	63279.0	72232.0
808	63576.0	71680.0
809	63522.0	71705.0
810	63780.0	71737.0
811	63333.0	71537.0
812	63956.0	71501.0
813	63998.0	71932.0
814	63354.0	71420.0
815	63591.0	71613.0
816	63562.0	71750.0
817	63831.0	71339.0
818	63945.0	71774.0
819	63829.0	71494.0
820	64033.0	71705.0
821	64148.0	71587.0
822	64124.0	71610.0
823	64325.0	71357.0
824	64254.0	71299.0
825	64262.0	70987.0
826	63871.0	71311.0
827	64142.0	71014.0
828	64012.0	70814.0
829	64370.0	70865.0
830	64938.0	71151.0
831	64464.0	71252.0
832	64662.0	71375.0
833	64069.0	71120.0
834	64580.0	71016.0
835	64758.0	71198.0
836	64665.0	70959.0
837	64680.0	70551.0
838	64739.0	70697.0
839	64497.0	70754.0
840	64335.0	70807.0
841	64484.0	70576.0
842	64471.0	70803.0
843	64643.0	70705.0
844	64796.0	70661.0
845	64800.0	71013.0
846	65097.0	71000.0
847	64682.0	70557.0
848	64520.0	70613.0
849	64662.0	70572.0
850	64834.0	71104.0
851	64983.0	70489.0
852	64491.0	70634.0
853	64741.0	70407.0
854	65267.0	70566.0
855	65201.0	70741.0
856	64960.0	70617.0
857	64891.0	70133.0
858	65059.0	70509.0
859	65116.0	70171.0
860	65141.0	70326.0
861	65065.0	70653.0
862	65588.0	70461.0
863	65256.0	70376.0
864	65255.0	70285.0
865	65329.0	70197.0
866	65049.0	70528.0
867	64886.0	70625.0
868	64967.0	70574.0
869	65462.0	70619.0
870	65269.0	70246.0
871	65378.0	70470.0
872	65500.0	70257.0
873	65761.0	70243.0
874	65228.0	69714.0
875	65171.0	70419.0
876	65601.0	70226.0
877	65719.0	70069.0
878	65700.0	69918.0
879	65783.0	69888.0
880	65763.0	70231.0
881	65827.0	69986.0
882	65602.0	70076.0
883	65890.0	69901.0
884	65969.0	69908.0
885	65577.0	69943.0
886	65933.0	69650.0
887	65691.0	69767.0
888	65671.0	70064.0
889	65680.0	69866.0
890	65676.0	69575.0
891	66011.0	69789.0
892	65958.0	69982.0
893	65988.0	69708.0
894	65924.0	69348.0
895	66175.0	69858.0
896	66173.0	69784.0
897	66188.0	70061.0
898	65849.0	69902.0
899	66421.0	69472.0
900	66300.0	69228.0
901	65989.0	69713.0
902	66183.0	69472.0
903	66134.0	69669.0
904	66577.0	69179.0
905	66636.0	69519.0
906	66257.0	69580.0
907	66371.0	69207.0
908	66070.0	69230.0
909	66387.0	69728.0
910	66746.0	69333.0
911	66455.0	69469.0
912	66604.0	69279.0
913	66500.0	69123.0
914	66824.0	69323.0
915	66264.0	69178.0
916	66565.0	69206.0
917	66755.0	69287.0
918	66336.0	69305.0
919	66577.0	69274.0
920	66423.0	69484.0
921	66592.0	69524.0
922	67024.0	69335.0
923	66605.0	69263.0
924	66770.0	69164.0
925	67064.0	68995.0
926	67319.0	69204.0
927	66622.0	69061.0
928	67000.0	69041.0
929	66879.0	69239.0
930	67142.0	69162.0
931	66667.0	69520.0
932	66958.0	68969.0
933	67247.0	69279.0
934	67024.0	69249.0
935	66998.0	68968.0
936	67038.0	69163.0
937	67119.0	69230.0
938	67396.0	68981.0
939	67155.0	69202.0
940	67585.0	69285.0
941	67087.0	69144.0
942	67437.0	68772.0
943	67442.0	68689.0
944	67458.0	68990.0
945	67779.0	68843.0
946	67404.0	68928.0
947	67529.0	68883.0
948	67399.0	69033.0
949	67199.0	68718.0
950	67586.0	68690.0
951	67502.0	69041.0
952	68152.0	69045.0
953	67683.0	68898.0
954	67726.0	68824.0
955	67622.0	68699.0
956	67686.0	68981.0
957	67455.0	69475.0
958	68036.0	68855.0
959	67380.0	68759.0
960	67449.0	68490.0
961	67745.0	68778.0
962	67670.0	68792.0
963	67704.0	68589.0
964	67644.0	68756.0
965	68021.0	68748.0
966	67637.0	68682.0
967	67613.0	69017.0
968	67720.0	68704.0
969	67925.0	68867.0
970	67801.0	68426.0
971	67754.0	69000.0
972	68196.0	69039.0
973	68061.0	68655.0
974	67863.0	68650.0
975	68028.0	68480.0
976	68124.0	68200.0
977	67970.0	68697.0
978	67751.0	68429.0
979	68361.0	68801.0
980	68331.0	68664.0
981	68057.0	68537.0
982	67938.0	68667.0
983	68052.0	68240.0
984	67853.0	68699.0
985	68314.0	68459.0
986	68257.0	68702.0
987	68321.0	68626.0
988	68346.0	68610.0
989	68257.0	68813.0
990	67951.0	68304.0
991	68899.0	68559.0
992	68231.0	68843.0
993	68591.0	68373.0
994	68075.0	68831.0
995	68383.0	68731.0
996	67863.0	68726.0
997	68425.0	68751.0
998	68866.0	68585.0
999	68467.0	68619.0
1000	68123.0	68532.0
1001	68476.0	68541.0
1002	68878.0	68484.0
1003	68294.0	68683.0
1004	68371.0	68939.0
1005	68218.0	68450.0
1006	68795.0	68550.0
1007	68657.0	68402.0
1008	68086.0	68515.0
1009	69066.0	68276.0
1010	68530.0	68389.0
1011	68107.0	68704.0
1012	68125.0	68966.0
1013	68413.0	68703.0
1014	68586.0	68739.0
1015	68873.0	68682.0
1016	68334.0	68592.0
1017	68668.0	68593.0
1018	68533.0	68550.0
1019	68486.0	68637.0
1020	68577.0	68645.0
1021	68792.0	68666.0
1022	68409.0	68610.0
1023	68642.0	68122.0
1024	68364.0	68847.0
1025	68402.0	68292.0
1026	68382.0	68575.0
1027	68779.0	68671.0
1028	68905.0	68833.0
1029	68523.0	68912.0
1030	68987.0	68477.0
1031	68365.0	68566.0
1032	68375.0	68638.0
1033	68814.0	68703.0
1034	68538.0	68561.0
1035	68988.0	68612.0
1036	68767.0	68683.0
1037	68724.0	68993.0
1038	68833.0	68691.0
1039	68551.0	69037.0
1040	68657.0	68762.0
1041	68353.0	68411.0
1042	68921.0	68762.0
1043	68755.0	68782.0
1044	68769.0	68947.0
1045	69032.0	68763.0
1046	68680.0	68781.0
1047	68391.0	68736.0
1048	68678.0	68914.0
1049	68712.0	69027.0
1050	68588.0	69086.0
1051	68748.0	68922.0
1052	68889.0	69022.0
1053	68839.0	68894.0
1054	68642.0	68937.0
1055	68890.0	69169.0
1056	68427.0	69129.0
1057	68491.0	69252.0
1058	68616.0	68860.0
1059	68652.0	68870.0
1060	68898.0	69030.0
1061	68724.0	69027.0
1062	68500.0	68907.0
1063	68653.0	69104.0
1064	69065.0	68849.0
1065	68511.0	69155.0
1066	68940.0	69222.0
1067	68889.0	69212.0
1068	68891.0	68930.0
1069	68464.0	69146.0
1070	68741.0	69355.0
1071	68734.0	69240.0
1072	68771.0	69619.0
1073	68687.0	69409.0
1074	68748.0	69306.0
1075	68681.0	69452.0
1076	69093.0	69414.0
1077	68914.0	69449.0
1078	69156.0	69807.0
1079	68409.0	69336.0
1080	68844.0	69596.0
1081	68878.0	69271.0
1082	68779.0	70022.0
1083	68904.0	69298.0
1084	68907.0	69570.0
1085	68341.0	69923.0
1086	68456.0	69481.0
1087	68779.0	69831.0
1088	68796.0	69866.0
1089	68774.0	69651.0
1090	68469.0	69994.0
1091	68426.0	69867.0
1092	69102.0	70265.0
1093	68198.0	70223.0
1094	68836.0	69882.0
1095	68744.0	69643.0
1096	68623.0	70325.0
1097	68747.0	70316.0
1098	68435.0	69769.0
1099	68838.0	70026.0
1100	68394.0	70174.0
1101	68338.0	70074.0
1102	68553.0	70039.0
1103	68597.0	70053.0
1104	68181.0	69998.0
1105	68541.0	70560.0
1106	68761.0	70233.0
1107	68169.0	70348.0
1108	68601.0	70285.0
1109	67952.0	70324.0
1110	68734.0	70458.0
1111	68833.0	70510.0
1112	68736.0	70638.0
1113	68736.0	70851.0
1114	68480.0	70937.0
1115	68147.0	70354.0
1116	68546.0	70468.0
1117	68729.0	70755.0
1118	68536.0	70890.0
1119	68754.0	70355.0
1120	68554.0	70353.0
1121	68811.0	70652.0
1122	68566.0	70565.0
1123	68510.0	70800.0
1124	68642.0	71087.0
1125	68001.0	71050.0
1126	68440.0	70865.0
1127	68358.0	70910.0
1128	68737.0	71022.0
1129	68534.0	70750.0
1130	68401.0	71027.0
1131	68349.0	71089.0
1132	68291.0	71111.0
1133	68197.0	70986.0
1134	68329.0	70928.0
1135	68111.0	70983.0
1136	68096.0	70802.0
1137	68242.0	71272.0
1138	68362.0	71491.0
1139	68015.0	71056.0
1140	68284.0	71250.0
1141	68180.0	71390.0
1142	68034.0	71289.0
1143	68199.0	71005.0
1144	68445.0	71509.0
1145	68577.0	71265.0
1146	68411.0	71471.0
1147	68111.0	71365.0
1148	68313.0	71103.0
1149	68170.0	71739.0
1150	68290.0	71594.0
1151	67973.0	71535.0
1152	68100.0	71413.0
1153	68375.0	71697.0
1154	68405.0	71716.0
1155	68134.0	70989.0
1156	68041.0	71559.0
1157	68067.0	71458.0
1158	68531.0	71792.0
1159	68051.0	71405.0
1160	68006.0	71921.0
1161	67861.0	71466.0
1162	68049.0	71400.0
1163	68279.0	71581.0
1164	68454.0	71423.0
1165	68392.0	71644.0
1166	68536.0	71912.0
1167	68281.0	71687.0
1168	68318.0	71669.0
1169	67866.0	71819.0
1170	68089.0	71702.0
1171	68195.0	72224.0
1172	68133.0	71248.0
1173	68186.0	71579.0
1174	68220.0	72189.0
1175	67854.0	71907.0
1176	68200.0	71849.0
1177	68066.0	72245.0
1178	68521.0	72081.0
1179	68333.0	71538.0
1180	68111.0	72051.0
1181	67661.0	71815.0
1182	68213.0	71947.0
1183	68070.0	71783.0
1184	67840.0	72049.0
1185	68134.0	72176.0
1186	67673.0	72436.0
1187	67643.0	72011.0
1188	67814.0	72033.0
1189	67759.0	72130.0
1190	67613.0	72347.0
1191	68010.0	71816.0
1192	68029.0	72153.0
1193	67648.0	72183.0
1194	68043.0	72212.0
1195	67802.0	72104.0
1196	67841.0	71931.0
1197	67853.0	72080.0
1198	68144.0	72256.0
1199	67734.0	72060.0
1200	68053.0	72394.0
1201	67633.0	72234.0
1202	67985.0	72019.0
1203	67843.0	72506.0
1204	68121.0	72155.0
1205	67652.0	72393.0
1206	67991.0	72217.0
1207	68274.0	72421.0
1208	67570.0	72310.0
1209	67545.0	71831.0
1210	67852.0	72327.0
1211	67681.0	72311.0
1212	67775.0	72180.0
1213	67937.0	72628.0
1214	67666.0	72300.0
1215	67642.0	72248.0
1216	67728.0	72336.0
1217	67884.0	72278.0
1218	67856.0	72246.0
1219	67679.0	72326.0
1220	67971.0	72486.0
1221	67958.0	72629.0
1222	67841.0	72307.0
1223	67541.0	72868.0
1224	67603.0	72390.0
1225	67707.0	72470.0
1226	67844.0	71998.0
1227	67741.0	72838.0
1228	67611.0	72514.0
1229	67906.0	72222.0
1230	67505.0	72542.0
1231	67320.0	72568.0
1232	67328.0	72144.0
1233	67458.0	72597.0
1234	67674.0	72544.0
1235	67773.0	72429.0
1236	67737.0	72510.0
1237	67539.0	72676.0
1238	67615.0	72521.0
1239	67903.0	72543.0
1240	67595.0	72372.0
1241	67804.0	72774.0
1242	67963.0	72643.0
1243	67644.0	72608.0
1244	67750.0	72453.0
1245	68128.0	72556.0
1246	68136.0	72705.0
1247	67918.0	73039.0
1248	67709.0	72548.0
1249	67867.0	72876.0
1250	67931.0	72566.0
1251	67723.0	72711.0
1252	67861.0	72500.0
1253	67881.0	72735.0
1254	67788.0	72531.0
1255	67993.0	72709.0
1256	68081.0	72512.0
1257	67983.0	72764.0
1258	68141.0	73104.0
1259	67916.0	72648.0
1260	67996.0	72853.0
1261	67777.0	72741.0
1262	68276.0	72592.0
1263	68234.0	72945.0
1264	67902.0	72298.0
1265	68160.0	72873.0
1266	68156.0	72801.0
1267	68276.0	72425.0
1268	67670.0	72775.0
1269	67880.0	72498.0
1270	68106.0	72845.0
1271	68347.0	72734.0
1272	68226.0	72721.0
1273	68032.0	72900.0
1274	68100.0	72956.0
1275	68199.0	72447.0
1276	68078.0	72465.0
1277	67872.0	72782.0
1278	68375.0	72411.0
1279	68130.0	72928.0
1280	68023.0	72315.0
1281	68307.0	72632.0
1282	67584.0	72653.0
1283	67987.0	72711.0
1284	68296.0	72636.0
1285	68469.0	72889.0
1286	68200.0	72524.0
1287	68233.0	72371.0
1288	68602.0	73137.0
1289	68429.0	72337.0
1290	68097.0	73054.0
1291	68724.0	72440.0
1292	68378.0	72384.0
1293	68022.0	72696.0
1294	68348.0	72602.0
1295	68507.0	72703.0
1296	68431.0	72498.0
1297	68440.0	72483.0
1298	68294.0	72128.0
1299	68239.0	72447.0
1300	68100.0	72415.0
1301	68518.0	72602.0
1302	68611.0	72689.0
1303	68499.0	72591.0
1304	68805.0	72630.0
1305	68479.0	72656.0
1306	68294.0	72246.0
1307	67980.0	72666.0
1308	68517.0	72034.0
1309	68226.0	72345.0
1310	68529.0	72685.0
1311	68166.0	72857.0
1312	67893.0	72601.0
1313	68199.0	72402.0
1314	68207.0	72495.0
1315	68472.0	72671.0
1316	68019.0	72466.0
1317	68400.0	72713.0
1318	68379.0	72839.0
1319	68133.0	72879.0
1320	68186.0	72424.0
1321	68253.0	72679.0
1322	68169.0	72338.0
1323	68350.0	72691.0
1324	68299.0	72709.0
1325	68249.0	72504.0
1326	68382.0	72624.0
1327	68377.0	72757.0
1328	68332.0	72588.0
1329	68502.0	72288.0
1330	68160.0	72642.0
1331	68357.0	72917.0
1332	68654.0	72667.0
1333	68492.0	72126.0
1334	68496.0	72149.0
1335	68763.0	72510.0
1336	68172.0	72439.0
1337	68315.0	72395.0
1338	68844.0	72521.0
1339	68200.0	72487.0
1340	68515.0	72209.0
1341	68691.0	72304.0
1342	68811.0	72501.0
1343	68709.0	72480.0
1344	68631.0	72669.0
1345	68843.0	72214.0
1346	68525.0	72129.0
1347	68956.0	72232.0
1348	68700.0	72255.0
1349	68433.0	72238.0
1350	68828.0	72447.0
1351	68740.0	72139.0
1352	69228.0	72136.0
1353	68651.0	72034.0
1354	68759.0	72146.0
1355	69015.0	72255.0
1356	69092.0	72357.0
1357	68969.0	72104.0
1358	68970.0	72439.0
1359	68557.0	71931.0
1360	68867.0	72141.0
1361	68663.0	71909.0
1362	68961.0	72294.0
1363	69423.0	71955.0
1364	68764.0	71743.0
1365	68974.0	71842.0
1366	68828.0	71694.0
1367	69193.0	71877.0
1368	69040.0	71667.0
1369	68957.0	71463.0
1370	68871.0	72227.0
1371	69309.0	71802.0
1372	69136.0	71734.0
1373	68802.0	71882.0
1374	69073.0	71919.0
1375	69385.0	71750.0
1376	68631.0	71810.0
1377	69042.0	72091.0
1378	68949.0	71735.0
1379	68928.0	71936.0
1380	69038.0	71747.0
1381	68822.0	72069.0
1382	69477.0	72189.0
1383	69268.0	71615.0
1384	68952.0	71808.0
1385	69221.0	71936.0
1386	69083.0	71929.0
1387	69322.0	72013.0
1388	69184.0	71939.0
1389	69008.0	72004.0
1390	69164.0	72171.0
1391	69199.0	71644.0
1392	69189.0	72024.0
1393	69424.0	72124.0
1394	68858.0	71671.0
1395	69539.0	71439.0
1396	69324.0	71984.0
1397	69180.0	71548.0
1398	69253.0	71728.0
1399	69185.0	72112.0
1400	69089.0	71613.0
1401	69356.0	71959.0
1402	69090.0	71734.0
1403	68933.0	71453.0
1404	69621.0	71989.0
1405	69327.0	71688.0
1406	69097.0	71820.0
1407	69163.0	71409.0
1408	69366.0	72031.0
1409	69284.0	71320.0
1410	69283.0	71522.0
1411	69299.0	71366.0
1412	69076.0	71343.0
1413	69300.0	71591.0
1414	69272.0	71550.0
1415	69457.0	71508.0
1416	68942.0	71579.0
1417	68828.0	71809.0
1418	69067.0	71361.0
1419	69288.0	71650.0
1420	69307.0	72028.0
1421	69256.0	71664.0
1422	69198.0	71733.0
1423	68984.0	71287.0
1424	69017.0	71725.0
1425	69069.0	71347.0
1426	69312.0	71342.0
1427	69262.0	71552.0
1428	69097.0	71446.0
1429	69332.0	71607.0
1430	68958.0	71476.0
1431	68871.0	71152.0
1432	68931.0	71615.0
1433	68742.0	71238.0
1434	68753.0	71167.0
1435	68914.0	71559.0
1436	69246.0	71392.0
1437	68945.0	71151.0
1438	68957.0	71716.0
1439	69079.0	71379.0
1440	69132.0	71259.0
1441	68872.0	71362.0
1442	68586.0	71468.0
1443	68978.0	71355.0
1444	68713.0	71016.0
1445	69053.0	71243.0
1446	68986.0	71272.0
1447	69110.0	71033.0
1448	68966.0	71128.0
1449	68771.0	70929.0
1450	68716.0	71051.0
1451	68852.0	71155.0
1452	68530.0	70934.0
1453	68711.0	71041.0
1454	69171.0	71015.0
1455	68804.0	71305.0
1456	68899.0	71108.0
1457	68678.0	71210.0
1458	68439.0	71383.0
1459	68464.0	70906.0
1460	68462.0	71365.0
1461	68357.0	71291.0
1462	68531.0	70999.0
1463	68900.0	71119.0
1464	68718.0	70603.0
1465	68439.0	71089.0
1466	68959.0	71217.0
1467	68552.0	71037.0
1468	68532.0	71269.0
1469	68553.0	71291.0
1470	68764.0	70929.0
1471	68520.0	71187.0
1472	68339.0	71257.0
1473	68468.0	70929.0
1474	68503.0	71042.0
1475	68268.0	70989.0
1476	68375.0	70728.0
1477	68691.0	71009.0
1478	68407.0	71238.0
1479	68885.0	70783.0
1480	68356.0	71038.0
1481	68606.0	71517.0
1482	68096.0	70818.0
1483	68263.0	71103.0
1484	68502.0	71057.0
1485	68317.0	71156.0
1486	68024.0	70641.0
1487	68405.0	71012.0
1488	68331.0	71146.0
1489	68244.0	71270.0
1490	68321.0	70844.0
1491	68568.0	71024.0
1492	68217.0	70898.0
1493	68573.0	70963.0
1494	68270.0	71203.0
1495	68375.0	70857.0
1496	68598.0	71065.0
1497	68476.0	71067.0
1498	68762.0	71016.0
1499	68432.0	71287.0
1500	68257.0	71038.0
1501	68779.0	70734.0
1502	68190.0	71311.0
1503	68350.0	70964.0
1504	68213.0	71203.0
1505	68079.0	70929.0
1506	68439.0	71334.0
1507	68355.0	70882.0
1508	68164.0	71080.0
1509	68475.0	71192.0
1510	68179.0	71195.0
1511	67941.0	70665.0
1512	67974.0	70848.0
1513	68589.0	71227.0
1514	68639.0	71241.0
1515	68402.0	70613.0
1516	68356.0	71075.0
1517	68314.0	70945.0
1518	68550.0	71063.0
1519	68000.0	71233.0
1520	68150.0	71004.0
1521	68352.0	71166.0
1522	67813.0	71178.0
1523	68292.0	70767.0
1524	68258.0	71028.0
1525	68349.0	70849.0
1526	68150.0	70946.0
1527	68092.0	70975.0
1528	68430.0	70829.0
1529	68408.0	71292.0
1530	68138.0	70973.0
1531	67995.0	70475.0
1532	68037.0	71045.0
1533	68266.0	71021.0
1534	68126.0	71030.0
1535	68111.0	70882.0
1536	68136.0	71189.0
1537	67981.0	71174.0
1538	68098.0	70886.0
1539	68182.0	70857.0
1540	68212.0	71235.0
1541	68201.0	70996.0
1542	68555.0	71389.0
1543	68414.0	70982.0
1544	68308.0	70853.0
1545	67999.0	70919.0
1546	67910.0	70830.0
1547	68204.0	70634.0
1548	68094.0	71289.0
1549	68283.0	70948.0
1550	68213.0	70692.0
1551	67995.0	71186.0
1552	68568.0	71147.0
1553	68264.0	70844.0
1554	68274.0	70991.0
1555	68183.0	70920.0
1556	68171.0	70708.0
1557	68020.0	70655.0
1558	68378.0	71175.0
1559	68066.0	71123.0
1560	68154.0	70750.0
1561	68222.0	70677.0
1562	68391.0	71021.0
1563	68009.0	71489.0
1564	68248.0	70772.0
1565	68278.0	70921.0
1566	68388.0	71010.0
1567	68104.0	70724.0
1568	67871.0	70474.0
1569	68417.0	70906.0
1570	68275.0	71251.0
1571	68242.0	70880.0
1572	67986.0	70621.0
1573	67878.0	71151.0
1574	68355.0	70825.0
1575	68147.0	71103.0
1576	68690.0	70773.0
1577	67961.0	71038.0
1578	68130.0	70861.0
1579	68107.0	70584.0
1580	68327.0	70631.0
1581	68010.0	70595.0
1582	67782.0	71006.0
1583	68170.0	70768.0
1584	68305.0	70771.0
1585	67988.0	70958.0
1586	68099.0	70752.0
1587	68054.0	70784.0
1588	67846.0	70817.0
1589	67998.0	70656.0
1590	68274.0	70446.0
1591	68381.0	70603.0
1592	68098.0	70758.0
1593	67992.0	70939.0
1594	67680.0	71242.0
1595	68081.0	70844.0
1596	68185.0	70992.0
1597	68031.0	70800.0
1598	67668.0	70685.0
1599	67869.0	70863.0
1600	68188.0	71039.0
1601	68113.0	70648.0
1602	68304.0	70658.0
1603	68377.0	70456.0
1604	68599.0	70637.0
1605	68276.0	70748.0
1606	67969.0	70807.0
1607	68059.0	70501.0
1608	68420.0	70487.0
1609	68020.0	70794.0
1610	68442.0	70654.0
1611	68393.0	70919.0
1612	68327.0	70580.0
1613	68198.0	70995.0
1614	68062.0	70809.0
1615	67998.0	70785.0
1616	68097.0	70677.0
1617	68386.0	71188.0
1618	68473.0	70472.0
1619	68557.0	70892.0
1620	68525.0	70967.0
1621	68008.0	70840.0
1622	68297.0	70918.0
1623	68330.0	70556.0
1624	68220.0	70740.0
1625	68404.0	70662.0
1626	67793.0	70720.0
1627	68177.0	70805.0
1628	68264.0	70496.0
1629	68342.0	70561.0
1630	68241.0	70742.0
1631	68221.0	70733.0
1632	68202.0	70800.0
1633	68259.0	70480.0
1634	68058.0	70706.0
1635	68346.0	70911.0
1636	68352.0	70633.0
1637	68161.0	70630.0
1638	68213.0	70958.0
1639	68320.0	70716.0
1640	68385.0	70389.0
1641	68343.0	70507.0
1642	68187.0	71091.0
1643	68277.0	70360.0
1644	68510.0	70741.0
1645	68564.0	70616.0
1646	68733.0	71025.0
1647	68529.0	70115.0
1648	68444.0	70651.0
1649	68115.0	70454.0
1650	68416.0	70622.0
1651	68811.0	70498.0
1652	68523.0	70606.0
1653	68457.0	71018.0
1654	68450.0	70696.0
1655	68300.0	70330.0
1656	68335.0	70218.0
1657	68590.0	70883.0
1658	68512.0	70813.0
1659	68479.0	70859.0
1660	68659.0	70595.0
1661	68691.0	70354.0
1662	68803.0	70466.0
1663	68274.0	70465.0
1664	68305.0	70355.0
1665	68353.0	70024.0
1666	68440.0	70812.0
1667	68594.0	70604.0
1668	68096.0	70359.0
1669	68401.0	70506.0
1670	68478.0	70294.0
1671	68432.0	70521.0
1672	68853.0	70464.0
1673	68362.0	70232.0
1674	68323.0	70226.0
1675	68879.0	70484.0
1676	68581.0	70393.0
1677	68624.0	70424.0
1678	68585.0	70529.0
1679	68336.0	70273.0
1680	68769.0	70183.0
1681	68547.0	70027.0
1682	69179.0	70233.0
1683	68565.0	70704.0
1684	68599.0	70396.0
1685	68901.0	70388.0
1686	68774.0	70052.0
1687	68988.0	70095.0
1688	68407.0	70052.0
1689	69079.0	70181.0
1690	68869.0	69941.0
1691	68522.0	70452.0
1692	69001.0	70260.0
1693	69152.0	69982.0
1694	69094.0	70500.0
1695	69100.0	69997.0
1696	68839.0	70184.0
1697	68803.0	70227.0
1698	69016.0	69801.0
1699	68690.0	69744.0
1700	69071.0	70118.0
1701	68934.0	70536.0
1702	69364.0	70162.0
1703	68948.0	70295.0
1704	68527.0	69759.0
1705	68957.0	70022.0
1706	68854.0	69926.0
1707	68920.0	69753.0
1708	68807.0	69994.0
1709	68835.0	70027.0
1710	68898.0	69870.0
1711	69137.0	69922.0
1712	69001.0	69910.0
1713	69014.0	70429.0
1714	68694.0	69656.0
1715	69302.0	69910.0
1716	69159.0	69906.0
1717	68842.0	69811.0
1718	68986.0	69833.0
1719	69175.0	69667.0
1720	69208.0	69707.0
1721	69020.0	69879.0
1722	69264.0	69943.0
1723	69718.0	70059.0
1724	69122.0	69906.0
1725	69415.0	69518.0
1726	68989.0	70088.0
1727	68932.0	69876.0
1728	69412.0	69505.0
1729	69342.0	69958.0
1730	69408.0	70027.0
1731	69411.0	69794.0
1732	69283.0	70015.0
1733	69310.0	69534.0
1734	69306.0	69533.0
1735	69198.0	69674.0
1736	69275.0	69542.0
1737	68902.0	69130.0
1738	69122.0	69361.0
1739	69244.0	69906.0
1740	69628.0	69874.0
1741	69326.0	69862.0
1742	69479.0	69688.0
1743	69466.0	70026.0
1744	69395.0	69654.0
1745	69527.0	69924.0
1746	69267.0	69521.0
1747	69130.0	69393.0
1748	69506.0	69843.0
1749	69298.0	69263.0
1750	69256.0	69431.0
1751	69597.0	69814.0
1752	69434.0	69947.0
1753	69713.0	69741.0
1754	69621.0	69713.0
1755	69682.0	69570.0
1756	69763.0	69978.0
1757	69931.0	69580.0
1758	69442.0	69566.0
1759	69631.0	69650.0
1760	69643.0	69653.0
1761	69997.0	69580.0
1762	70113.0	69691.0
1763	70073.0	69374.0
1764	70023.0	69676.0
1765	69957.0	69669.0
1766	70064.0	69635.0
1767	69723.0	69548.0
1768	70369.0	69804.0
1769	70009.0	69778.0
1770	70446.0	69117.0
1771	69652.0	69393.0
1772	69595.0	69794.0
1773	70088.0	69330.0
1774	69979.0	69417.0
1775	69976.0	69474.0
1776	69731.0	69556.0
1777	69848.0	69412.0
1778	69949.0	69609.0
1779	70179.0	69722.0
1780	70235.0	69528.0
1781	70009.0	69589.0
1782	70433.0	69679.0
1783	70170.0	69689.0
1784	70244.0	69175.0
1785	70292.0	69518.0
1786	70163.0	69674.0
1787	70016.0	69658.0
1788	70264.0	69524.0
1789	70414.0	69356.0
1790	70168.0	69273.0
1791	70558.0	69241.0
1792	70498.0	69429.0
1793	70282.0	69393.0
1794	70563.0	69586.0
1795	70552.0	69762.0
1796	70601.0	69607.0
1797	70578.0	69493.0
1798	70406.0	69759.0
1799	70814.0	69648.0
1800	70792.0	69800.0
1801	70612.0	69447.0
1802	70697.0	69475.0
1803	70654.0	69915.0
1804	70786.0	69495.0
1805	71152.0	69414.0
1806	71176.0	69460.0
1807	70735.0	69617.0
1808	71385.0	69367.0
1809	71234.0	69888.0
1810	71164.0	69415.0
1811	70992.0	69557.0
1812	71463.0	69583.0
1813	70925.0	69598.0
1814	71142.0	69746.0
1815	70888.0	69659.0
1816	71463.0	69837.0
1817	70997.0	70033.0
1818	71380.0	69634.0
1819	71318.0	69750.0
1820	71391.0	69464.0
1821	70968.0	70247.0
1822	71152.0	69964.0
1823	71287.0	69674.0
1824	71280.0	70048.0
1825	71590.0	69885.0
1826	71501.0	69844.0
1827	71472.0	69800.0
1828	71268.0	69746.0
1829	71414.0	70080.0
1830	71360.0	69778.0
1831	71442.0	69956.0
1832	71234.0	69943.0
1833	71698.0	69697.0
1834	71799.0	69749.0
1835	71710.0	70118.0
1836	71615.0	69923.0
1837	71656.0	70042.0
1838	71864.0	69682.0
1839	72102.0	69976.0
1840	71856.0	70077.0
1841	71659.0	69711.0
1842	72128.0	69861.0
1843	71786.0	69670.0
1844	71669.0	69723.0
1845	72054.0	69902.0
1846	71661.0	70229.0
1847	71750.0	70007.0
1848	71728.0	70160.0
1849	71795.0	69864.0
1850	71984.0	70025.0
1851	71906.0	70108.0
1852	71968.0	69902.0
1853	72559.0	69730.0
1854	72251.0	69505.0
1855	72403.0	69954.0
1856	72115.0	70033.0
1857	71950.0	70381.0
1858	71859.0	69884.0
1859	72048.0	69907.0
1860	72672.0	69730.0
1861	72232.0	69936.0
1862	72599.0	70083.0
1863	72236.0	69899.0
1864	72204.0	69901.0
1865	72600.0	69920.0
1866	72365.0	69766.0
1867	72651.0	70017.0
1868	72102.0	70046.0
1869	72402.0	69822.0
1870	72790.0	69803.0
1871	72380.0	69600.0
1872	72508.0	69904.0
1873	72166.0	70324.0
1874	72634.0	69914.0
1875	72499.0	69978.0
1876	72392.0	70106.0
1877	72691.0	69828.0
1878	72439.0	69838.0
1879	72174.0	70103.0
1880	72764.0	69929.0
1881	73016.0	69854.0
1882	72363.0	69945.0
1883	72885.0	69963.0
1884	72747.0	70107.0
1885	72809.0	69499.0
1886	72802.0	69662.0
1887	72747.0	69637.0
1888	72489.0	70148.0
1889	72985.0	70042.0
1890	72521.0	69644.0
1891	72428.0	69966.0
1892	72634.0	69842.0
1893	72726.0	69889.0
1894	72997.0	69974.0
1895	72843.0	69861.0
1896	73150.0	69919.0
1897	72619.0	69892.0
1898	72689.0	69735.0
1899	72596.0	69830.0
1900	73016.0	69473.0
1901	72923.0	69723.0
1902	72891.0	69965.0
1903	72743.0	69697.0
1904	72881.0	70276.0
1905	72847.0	69170.0
1906	72906.0	69833.0
1907	72647.0	69855.0
1908	72975.0	69363.0
1909	72679.0	69865.0
1910	72852.0	69741.0
1911	72864.0	69885.0
1912	72842.0	69731.0
1913	72670.0	69609.0
1914	72612.0	69780.0
1915	72991.0	69860.0
1916	73073.0	70077.0
1917	72828.0	69939.0
1918	72592.0	69843.0
1919	73071.0	69928.0
1920	72747.0	70032.0
1921	73006.0	70245.0
1922	72870.0	69660.0
1923	72589.0	69933.0
1924	72759.0	70108.0
1925	72817.0	70264.0
1926	72594.0	69935.0
1927	73112.0	69943.0
1928	72841.0	69740.0
1929	72910.0	69946.0
1930	72710.0	70209.0
1931	72611.0	69949.0
1932	72729.0	70075.0
1933	72534.0	70005.0
1934	72954.0	70128.0
1935	72383.0	69973.0
1936	72929.0	70517.0
1937	72976.0	69920.0
1938	72863.0	70157.0
1939	72853.0	69995.0
1940	72809.0	70312.0
1941	72632.0	70673.0
1942	72592.0	70514.0
1943	73082.0	70499.0
1944	72558.0	70416.0
1945	72823.0	70451.0
1946	72658.0	70039.0
1947	72546.0	70279.0
1948	72614.0	70138.0
1949	72610.0	70126.0
1950	72762.0	70315.0
1951	72696.0	70205.0
1952	72576.0	70386.0
1953	72458.0	70073.0
1954	72748.0	70008.0
1955	72547.0	70509.0
1956	72587.0	70386.0
1957	72282.0	70237.0
1958	72661.0	70661.0
1959	72865.0	70214.0
1960	72552.0	70480.0
1961	72366.0	70297.0
1962	72396.0	70720.0
1963	72528.0	70764.0
1964	72375.0	70717.0
1965	72815.0	70163.0
1966	72449.0	70503.0
1967	72572.0	70218.0
1968	72377.0	70921.0
1969	72276.0	70904.0
1970	72188.0	70789.0
1971	72104.0	70223.0
1972	72373.0	70533.0
1973	72157.0	70828.0
1974	72794.0	70947.0
1975	72254.0	70833.0
1976	72147.0	70504.0
1977	71680.0	70824.0
1978	72112.0	70757.0
1979	72589.0	70514.0
1980	72220.0	70614.0
1981	72046.0	70854.0
1982	72394.0	70596.0
1983	72094.0	70580.0
1984	72160.0	70434.0
1985	72176.0	71158.0
1986	71911.0	71075.0
1987	72014.0	71027.0
1988	71903.0	71312.0
1989	71875.0	71035.0
1990	71661.0	70950.0
1991	72267.0	71247.0
1992	71841.0	70830.0
1993	71653.0	70877.0
1994	72113.0	71104.0
1995	71774.0	70929.0
1996	71898.0	71075.0
1997	71688.0	71166.0
1998	71896.0	71111.0
1999	71790.0	71193.0
